موضوع,پرسش متداول,پاسخ
تجارت با پاکستان,     دلیل اهمیت پاکستان از لحاظ اقتصادی و تجاری چیست؟,"پاکستان دروازه ورود ایران به کشورهای شرق است. بازار این کشور مکمل بازار ایران است و می‌توانیم به صورت هم‌پوشان، برخی از نیازهای یکدیگر را تامین کنیم. بازار 240 میلیون نفری و اقتصاد واردات محور پاکستان، از دیگر دلایل اهمیت پاکستان هستند. "
تجارت با پاکستان,     مهم‌ترین کالاهایی که بین دو کشور مبادله می‌شود کدامند؟,"از مهم‌ترین کالاهای صادراتی کشورمان می‌توان به فرآورده‌های نفتی، محصولات پتروشیمی، مصالح ساختمانی، محصولات فولادی، صنایع غذایی، ماشین‌آلات، محصولات کشاورزی، میوه و تره‌بار، صنایع پلاستیکی، خشکبار و ... اشاره کرد."
تجارت با پاکستان,     دلایل عدم تجارت پایدار بین ایارن و پاکستان چیست؟,"تجارت بین ایران و پاکستان از دیرباز به شکل پیله‌وری و غیررسمی بوده است و دلیل آن عدم موافقت‌نامه‌های مهم تجاری به ویژه تجارت آزاد از یک سو و از سوی دیگر، وجود مرز طولانی بین دو کشور که راه را برای کم‌اظهاری و قاچاق باز نموده است."
تجارت با پاکستان,     مهم‌ترین ویژگی تجار و فعالین اقتصادی پاکستان چیست؟,"تجار پاکستانی در عرصه تجارت بین‌الملل بسیار فعال هستند و از ظرفیت بالایی برای همکاری برخوردار هستند، در حقیقت ارتباط با پاکستان، صرفاً بازار این کشور نیست و از ظرفیت تجار پاکستانی می‌توان برای ورود به بازار سایر کشورها استفاده کرد. در حال حاضر نیز حجم وسیعی از کالاهای صادراتی کشورمان به دنیا از طریق تجار پاکستانی صورت می‌گیرد."
تجارت با پاکستان,"     مهم‌ترین نکاتی که در تجارت با پاکستان باید مدنظر قرار گیرد، چیست؟","پاکستانی‌ها با گارد باز مذاکره می‌کنند لیکن در عین حال، بسیار سخت وارد مذاکره می‌شوند. جزئیات را مدنظر قرار می‌دهند و چانه‌زنی و گرفتن ارزان‌ترین قیمت، جزئی از ویژگی آن‌هاست."
تجارت با پاکستان,     ویژگی‌های تجار ایالات مختلف پاکستان چیست؟,"کراچی از دیرباز مرکز تجاری پاکستان به شمار می‌رود و از این حیث که هم پایتخت و هم مهم‌ترین بندر پاکستان بوده است، تجار این ایالت به مراتب بیشتر با قواعد بازرگانی و تجاری آشنا هستند و به نوعی بیشتر بین‌المللی تلقی می‌شوند. ایالت پنجاب به مرکزیت لاهور، مرکز کشاورزی پاکستان و غنی‌ترین استان این کشور است. با این وجود احتیاط بیشتری در تجارت لازم است. تجار ایالت بلوچستان به مرکزیت کویته، بیشترین مراودات را با ایران دارند و دروازه ورود کالاهای ایرانی می‌باشد. به واسطه نبود روابط بانکی، تجار این ایالت از قدیم‌الایام بیشتر به صورت غیررسمی و تهاتری با کشورمان همکاری داشته‌اند. با این حال، برخی نیز در کشورمان سرمایه‌گذاری نموده‌اند و در حجم بالا با ایران تجارت می‌کنند."
تجارت با پاکستان,     اهمیت و جایگاه بخش خصوصی در پاکستان چگونه است؟,"در پاکستان، بخش خصوصی از جایگاه بسیار مهمی برخوردار است و اکثر تصمیمات دولت متاثر از نظرات بخش خصوصی است. حضور مقامات در برنامه‌ها و ضیافت‌ها و حتی رزیدانس بخش خصوصی عادی می‌باشد. جامعه تجاری پاکستان دارای بلوغ زیادی است، احزاب مختلف بخش خصوصی هر سال برای مدت یک سال در غالب اتاق‌ها، انجمن‌ها و تشکل‌ها برای متصدی پست‌های بخش خصوصی رقابت می‌کنند. البته از امسال، تصدی دوره ریاست، دو ساله شده است."
تجارت با پاکستان,     مهم‌ترین منابع دسترسی به اطلاعات تجاری در پاکستان:,"• 	سایت‌های وزارت بازرگانی – Ministry of Commerce
• 	سازمان توسعه تجارت – Trade Development Authority of Pakistan
• 	فدراسیون اتاق‌های بازرگانی پاکستان – Federation of Pakistan Chamber of Commerce & Industry
• 	سایت انجمن‌ها و اتحادیه‌ها که اطلاعات تمام اتاق‌ها و تشکل‌ها در سایت فدراسیون اتاق‌های بازرگانی پاکستان (FPCCI) قابل دسترسی است.
• 	کتاب Pakistan Yellow page "
تجارت با پاکستان,     بهترین راه ورود به پاکستان چیست؟,حضور مستقیم و میدانی در بازار و دیدن ویژگی‌های بازار پاکستان. (قبل از سفر به پاکستان پیشنهاد می‌گردد با دفتر رایزنی بازرگانی ارتباط ایجاد شود).
تجارت با پاکستان,        نحوه نقل‌و‌انتقالات مالی در مسیر تجارت با پاکستان چگونه است؟,"از سال 2016 دولت پاکستان هرگونه ارسال کالا از پاکستان یا ورود کالا به این کشور را منوط به ارائه فرم‌های Export Form و Import Form، معروف به فرم‌های (EIF) نموده و لازمه اخذ فرم‌های مذکور، نقل‌و‌انتقال از طریق سیستم بانکی و افتتاح LC می‌باشد. بر اساس رای دادگاه و با توجه به شرایط کشورمان، صادرات و واردات کالا از مسیر زمینی، مبدا و به مقصد ایران استثنا شده است و نقل‌و‌انتقال از طریق صرافی نیز قابل انجام است. در مورد مسیر دریایی، اسناد تجاری و گواهی مبدا ایران باید عوض شود و از طریق کشور ثالث انجام شود."
تجارت با پاکستان,        تهدیدها و فرصت‌های بازار پاکستان نقاط قوت,"• 	همسایگی و دارا بودن مرز زمینی، دریایی و دسترسی راحت به بازار پاکستان
• 	تنوع بالای صادراتی کشورمان
• 	برتزی تکنولوژیکی نسبت به پاکستان"
تجارت با پاکستان,        تهدیدها و فرصت‌های بازار پاکستان نقاط ضعف,"• 	صادرات با ارزش افزوده پایین
• 	عدم توجه به برندینگ علیرغم جایگاه ویژه برندینگ در بازار پاکستان
• 	عدم حضور مستقیم و ارسال کالا توسط تجار غالباً بی نام و نشان
• 	اصرار بر صادرات صرف به جای تمرکز بر .....، استفاده از ظرفیت پاکستان برای ورود به سایر بازارهای جهانی
• 	عدم وجود موافقت‌نامه‌های مهم تجاری با پاکستان به ویژه موافقت‌نامه تجارت آزاد"
تجارت با پاکستان,        تهدیدها و فرصت‌های بازار پاکستان تهدیدها,"• 	حضور رقبای قوی در بازار پاکستان از جمله چین
• 	علاقمندی و انجام سرمایه‌گذاری توسط برخی همسایگان از جمله امارات، ترکیه، عربستان در بازار پاکستان
• 	تشدید تحریم‌ها "
تجارت با پاکستان, تهدیدها و فرصت‌های بازار پاکستان فرصت ها,"• 	واردات محور بودن پاکستان
• 	کمبود ذخایر ارزی و امکان انجام فعالیت‌های تجاری از طریق پاکستان به مراتب سهل‌تر است."
تجارت با پاکستان,پیشنهادات,"• 	استفاده از ظرفیت تجار پاکستانی برای ورود به بازار جهانی
• 	تولید مشترک با پاکستانی‌ها به صورت سرمایه‌گذاری مشترک 
• 	انجام فعالیت اقتصادی از طریق اخذ اطلاعات از دفاتر رایزنی بازرگانی یا نمایندگی‌های کشورمان"
 تجارت با کشورهای حوزهGCC ,چگونه می‌توان به بازارهای GCC وارد شد؟," برای ورود به بازارهای GCC، ابتدا باید تحقیقات جامعی درباره قوانین و مقررات تجاری هر کشور عضو (مانند عربستان سعودی، امارات، قطر، کویت، بحرین و عمان) انجام دهید. توصیه می‌شود از خدمات مشاوره‌ای اتاق‌های بازرگانی، شرکت‌های صادراتی و نمایشگاه‌های تخصصی استفاده کنید. ایجاد شبکه‌های تجاری قوی با مشارکت در رویدادهای بین‌المللی نیز ضروری است."
 تجارت با کشورهای حوزهGCC , مهم‌ترین چالش‌های تجارت با کشورهای GCC چیست؟," چالش‌ها شامل تفاوت‌های فرهنگی و زبانی، الزامات گمرکی خاص هر کشور، و تغییرات سریع قوانین است. برای کاهش این ریسک‌ها، باید با مشاوران تجاری معتبر و محلی همکاری کنید و شناخت کافی از بازار هدف داشته باشید."
 تجارت با کشورهای حوزهGCC , برای شروع همکاری با کشورهای GCC چه مدارکی لازم است؟," مدارک ضروری شامل گواهی مبدأ، گواهی‌های استاندارد محصول (مانند گواهی بهداشت و ایمنی) ، مجوزهای تجاری بین‌المللی و مستندات بانکی معتبر است. همچنین، ممکن است نیاز به ترجمه رسمی مدارک به زبان عربی یا انگلیسی داشته باشید."
 تجارت با کشورهای حوزهGCC , الزامات گمرکی کشورهای GCC چیست؟," الزامات گمرکی در کشورهای GCC بسته به نوع کالا متفاوت است. لازم است پیش از صادرات، تمامی تعرفه‌ها، ممنوعیت‌های وارداتی و استانداردهای کیفی را بررسی کنید. همکاری با شرکت‌های لجستیکی که تجربه کار در این کشورها را دارند، می‌تواند مفید باشد."
 تجارت با کشورهای حوزهGCC ,آیا تفاوتی در استانداردهای محصولات برای کشورهای GCC وجود دارد؟," بله، کشورهای GCC معمولاً از استانداردهای منطقه‌ای هماهنگ (مانند GSO) استفاده می‌کنند، اما هر کشور ممکن است الزامات خاص خود را داشته باشد."
 تجارت با کشورهای حوزهGCC ,برای صادرات به کشورهای GCC چه مجوزهایی لازم است؟," بسته به نوع کالا، ممکن است نیاز به گواهی‌های بهداشتی، گواهی حلال، یا مجوزهای خاص صادراتی داشته باشید. همچنین، ثبت برند یا محصول در کشور مقصد ممکن است الزامی باشد."
 تجارت با کشورهای حوزهGCC ,چگونه می‌توان شریک تجاری مناسبی در کشورهای GCC پیدا کرد؟," استفاده از پلتفرم‌های آنلاین تجاری، شرکت در نمایشگاه‌های تخصصی، و همکاری با اتاق‌های بازرگانی محلی می‌تواند به یافتن شریک تجاری مناسب کمک کند. همچنین، داشتن یک نماینده محلی یا دفتر تجاری در کشور هدف می‌تواند روابط تجاری را تسهیل کند. "
 تجارت با کشورهای حوزهGCC ,آیا نیاز به افتتاح حساب بانکی در کشورهای GCC دارم؟," اگر قصد فعالیت بلندمدت دارید، افتتاح حساب بانکی در یکی از بانک‌های محلی می‌تواند فرآیندهای مالی شما را تسهیل کند. برای این کار، نیاز به ثبت شرکت یا داشتن نماینده قانونی داشته باشید."
 تجارت با کشورهای حوزهGCC ,نرخ تعرفه‌های گمرکی در کشورهای GCC چگونه است؟," کشورهای GCC معمولاً از یک تعرفه گمرکی یکسان (۵٪) برای کالاهای وارداتی استفاده می‌کنند، اما برخی کالاهای خاص مانند محصولات بهداشتی یا مواد غذایی ممکن است معاف از تعرفه باشند."
 تجارت با کشورهای حوزهGCC ,چگونه می‌توان در نمایشگاه‌های تخصصی کشورهای GCC شرکت کرد؟," با مراجعه به وب‌سایت نمایشگاه‌های بین‌المللی و ثبت‌نام آنلاین می‌توانید اطلاعات لازم را دریافت کنید. همچنین، اتاق بازرگانی ایران می‌تواند در معرفی نمایشگاه‌های مرتبط کمک کند."
 تجارت با کشورهای حوزهGCC ,آیا صادرات به کشورهای GCC نیازمند به ثبت برند است؟, ثبت برند در کشورهای GCC اجباری نیست اما به شدت توصیه می‌شود. این کار از سوءاستفاده احتمالی و مشکلات قانونی جلوگیری می‌کند و باعث ایجاد اعتماد مشتریان می‌شود.
 تجارت با کشورهای حوزهGCC ,چه تسهیلات مالی برای تجارت با کشورهای GCC وجود دارد؟," بانک‌های ایرانی و بین‌المللی بندرت تسهیلاتی مانند خطوط اعتباری، ضمانت‌نامه‌های بانکی و LC (اعتبار اسنادی) ارائه می‌دهند. مشاوره با بانک‌ها یا مؤسسات مالی مرتبط می‌تواند به شما در انتخاب گزینه مناسب کمک کند."
 تجارت با کشورهای حوزهGCC ,قوانین حمل‌ونقل و لجستیک در کشورهای GCC چیست؟," برای ارسال کالا به کشورهای GCC، همکاری با شرکت‌های لجستیکی متخصص در منطقه پیشنهاد می‌شود. همچنین، باید از قوانین حمل‌ونقل جاده‌ای، هوایی و دریایی مطلع باشید."
 تجارت با کشورهای حوزهGCC ,چگونه می‌توان مشکلات حقوقی در کشورهای GCC را مرتفع کرد؟," استفاده از خدمات حقوقی محلی و وکلای تجاری آشنا با قوانین کشور مقصد ضروری است. همچنین، ثبت تمامی قراردادها به صورت رسمی و رعایت الزامات قانونی می‌تواند از مشکلات حقوقی جلوگیری کند."
 تجارت با کشورهای حوزهGCC ,آیا کشورهای GCC برنامه‌های حمایتی برای واردکنندگان دارند؟," برخی کشورها مانند امارات و عربستان، برنامه‌های حمایتی برای تسهیل واردات و سرمایه‌گذاری ارائه می‌دهند. بررسی قوانین محلی و مشارکت در پروژه‌های دولتی می‌تواند فرصتی برای استفاده از این حمایت‌ها باشد"
نقل‌وانتقالات مالی در کشورهای تحریمی ,آیا انتقال پول از کشور تحریم‌شده به خارج امکان‌پذیر است؟,"بله، اما با محدودیت‌های زیادی. معمولاً انتقال پول از طریق بانک‌های سنتی دشوار است. روش‌های جایگزین شامل:
•	استفاده از صرافی‌های معتبر (مطابق با قوانین محلی و بین‌المللی)
•	ارزهای دیجیتال (مشروط به آگاهی از ریسک‌ها و مقررات)
•	خدمات حواله‌های غیررسمی مانند ""حواله"" (پول کاغذی، خدمات اعتمادمحور)"
نقل‌وانتقالات مالی در کشورهای تحریمی ,چه روش‌هایی برای دریافت پول از کشورهای تحریم‌شده وجود دارد؟,"•	سیستم‌های بین‌المللی مانند پی‌پال یا وسترن‌یونیون: این خدمات در بسیاری از کشورها محدود به تحریم نیستند اما نیازمند تحقیق درباره محدودیت‌ها هستند.
•	ارزهای دیجیتال: در بسیاری از موارد جایگزین سریع و کم‌هزینه هستند، اما باید مراقب نوسانات بازار و قوانین محلی باشید.
•	حواله‌های غیررسمی: از طریق شبکه‌های اعتماد محور انجام می‌شود و رایج است اما نیازمند اطمینان به واسطه است."
نقل‌وانتقالات مالی در کشورهای تحریمی ,چگونه می‌توان از بسته شدن حساب بانکی در نتیجه تحریم جلوگیری کرد؟,"•	استفاده از بانک‌های محلی در کشور مقصد به جای بانک‌های بین‌المللی.
•	دوری از معاملات مستقیم با بانک‌هایی که در فهرست تحریم قرار دارند.
•	شفافیت در توضیح منبع پول و هدف انتقال.
•	رعایت تمام مقررات محلی و بین‌المللی."
نقل‌وانتقالات مالی در کشورهای تحریمی ,آیا امکان استفاده از ارز دیجیتال برای نقل‌وانتقال پول وجود دارد؟,"بله، ارزهای دیجیتال مانند بیت‌کوین یا اتریوم می‌توانند جایگزین مناسبی باشند. اما توجه داشته باشید:
•	نیاز به درک فنی دارید.
•	امکان تحریم صرافی‌ها و کیف‌پول‌های دیجیتال وجود دارد.
•	مقررات محلی درباره ارزهای دیجیتال باید رعایت شود."
نقل‌وانتقالات مالی در کشورهای تحریمی ,آیا خدمات آنلاین مانند PayPal یا Western Union در کشورهای تحریم‌شده کار می‌کنند؟,"•	اکثر این خدمات در کشورهای تحریم‌شده خدمات نمی‌دهند، اما برخی کاربران از واسطه‌ها یا حساب‌های خارجی استفاده می‌کنند.
•	توصیه می‌شود بررسی کنید که این روش‌ها با قوانین محلی مغایرتی نداشته باشند."
نقل‌وانتقالات مالی در کشورهای تحریمی ,بهترین روش برای پرداخت‌های بین‌المللی چیست؟,"بسته به مقصد و قوانین محلی:
•	اگر قوانین اجازه دهد، استفاده از صرافی‌های معتبر.
•	شبکه‌های غیررسمی برای مقاصد خاص.
•	ارزهای دیجیتال برای موارد با سرعت بالا و بدون نیاز به واسطه."
نقل‌وانتقالات مالی در کشورهای تحریمی ,چه خطراتی در نقل‌وانتقال پول برای کشورهای تحریم‌شده وجود دارد؟,"•	مسدود شدن حساب‌ها: بانک‌ها یا سیستم‌های انتقالی ممکن است پول شما را مسدود کنند.
•	مشکلات قانونی: نقض قوانین تحریمی ممکن است منجر به جریمه یا پیگرد قانونی شود.
•	ریسک واسطه‌ها: در روش‌های غیررسمی یا با واسطه، خطر کلاهبرداری وجود دارد."
نقل‌وانتقالات مالی در کشورهای تحریمی ,آیا امکان استفاده از کارت‌های اعتباری بین‌المللی وجود دارد؟,"•	در اکثر موارد، شرکت‌های کارت اعتباری مانند Visa و MasterCard خدمات خود را در کشورهای تحریم‌شده محدود کرده‌اند.
•	راه‌حل: خرید کارت‌های پیش‌پرداخت از کشور ثالث.
نکات مهم
•	همیشه قوانین محلی و بین‌المللی را مطالعه کنید.
•	مشاوره از وکلا یا متخصصان مالی بین‌المللی بگیرید.
•	از روش‌های امن و معتبر استفاده کنید و ریسک‌های مرتبط را ارزیابی کنید."
نقل‌وانتقالات مالی در کشورهای حوزه GCC ,بهترین روش برای انتقال پول به کشورهای حوزه خلیج فارس چیست؟,"بازرگانان می‌توانند از روش‌های زیر استفاده کنند:
•	استفاده از صرافی‌های معتبر با تجربه در نقل‌و انتقال به کشورهای حوزه خلیج فارس.
•	استفاده از حساب‌های بانکی در کشورهای ثالث برای تسهیل معاملات.
•	استفاده از ارزهای دیجیتال در صورت امکان و پذیرش توسط طرف مقابل."
نقل‌وانتقالات مالی در کشورهای حوزه GCC ,آیا بانک‌های کشورهای حوزه خلیج فارس با بازرگانان ایرانی همکاری می‌کنند؟,"•	برخی بانک‌ها در کشورهای حوزه خلیج فارس (مانند عمان و قطر) همکاری محدود اما ممکن دارند.
•	کشورهایی مانند امارات دارای قوانین سختگیرانه‌تری هستند و باید از واسطه‌های مطمئن استفاده شود.
•	استفاده از حساب‌های شرکتی یا شخصی از طریق ثبت شرکت در این کشورها می‌تواند به تسهیل همکاری بانکی کمک کند."
نقل‌وانتقالات مالی در کشورهای حوزه GCC ,آیا می‌توان از حساب‌های بانکی ایرانی برای معاملات استفاده کرد؟,"•	به دلیل تحریم‌های مالی، استفاده از حساب‌های بانکی ایرانی برای انتقال مستقیم پول به کشورهای حوزه خلیج فارس عملاً ممکن نیست.
•	راه‌حل: استفاده از حساب‌های بانکی در کشورهای همسایه مانند ترکیه، ارمنستان یا حساب‌های بین‌المللی."
نقل‌وانتقالات مالی در کشورهای حوزه GCC ,چگونه می‌توان هزینه‌های حمل‌ونقل و گمرک را در کشورهای خلیج فارس پرداخت کرد؟,"•	بازرگانان معمولاً از صرافی‌ها یا شرکت‌های واسطه مالی برای پرداخت هزینه‌های گمرکی استفاده می‌کنند.
•	در صورت داشتن حساب بانکی در این کشورها، پرداخت مستقیم امکان‌پذیر است.
•	همکاری با نمایندگان محلی در کشورهای خلیج فارس می‌تواند مشکلات مالی را کاهش دهد."
نقل‌وانتقالات مالی در کشورهای حوزه GCC ,آیا ارزهای دیجیتال برای تجارت با کشورهای حوزه خلیج فارس پذیرفته می‌شوند؟,"•	پذیرش ارزهای دیجیتال در این کشورها در حال افزایش است اما هنوز محدودیت‌هایی وجود دارد.
•	توصیه می‌شود از صرافی‌های ارز دیجیتال معتبر که در کشورهای خلیج فارس فعالیت دارند استفاده کنید.
•	پیش از استفاده، با طرف تجاری در مورد پذیرش این روش توافق کنید."
نقل‌وانتقالات مالی در کشورهای حوزه GCC ,آیا امکان ثبت شرکت در کشورهای حوزه خلیج فارس برای تسهیل معاملات وجود دارد؟,"•	بله، ثبت شرکت در کشورهایی مانند امارات (مناطق آزاد) و عمان می‌تواند به بازرگانان ایرانی کمک کند تا به حساب بانکی محلی و تسهیلات تجاری دسترسی داشته باشند.
•	مشاوره حقوقی و مالی محلی برای ثبت شرکت توصیه می‌شود."
نقل‌وانتقالات مالی در کشورهای حوزه GCC ,چگونه از تحریم‌ها در معاملات مالی اجتناب کنیم؟,"•	اجتناب از انتقال پول از طریق بانک‌های تحت تحریم.
•	شفافیت در منبع و مقصد پول.
•	استفاده از واسطه‌های معتبر در کشور ثالث."
نقل‌وانتقالات مالی در کشورهای حوزه GCC ,آیا وسترن یونیون یا خدمات مشابه برای انتقال پول به کشورهای خلیج فارس در دسترس است؟,"•	خدمات وسترن یونیون برای ایرانیان معمولاً به صورت مستقیم در دسترس نیست اما می‌توان از واسطه‌های قابل اعتماد استفاده کرد.
•	خدمات مشابه مانند MoneyGram نیز در برخی موارد قابل استفاده هستند."
نقل‌وانتقالات مالی در کشورهای حوزه GCC , چه ارزهایی برای تجارت با کشورهای حوزه خلیج فارس مناسب هستند؟,"•	در معاملات، دلار آمریکا و درهم امارات بیشترین کاربرد را دارند.
•	در موارد خاص، ارزهای محلی (مانند ریال عمان) نیز قابل استفاده هستند."
نقل‌وانتقالات مالی در کشورهای حوزه GCC ,10. چه مدارکی برای تسهیل نقل‌وانتقالات مالی نیاز است؟,"•	مدارک شناسایی معتبر (پاسپورت، کارت ملی).
•	فاکتورهای تجاری و قراردادهای رسمی.
•	مدارک مرتبط با گمرک و مجوزهای صادرات و واردات."
نقل‌وانتقالات مالی در کشورهای حوزه GCC ,راهنمایی نهایی,"•	برای هر معامله، با یک مشاور مالی یا حقوقی محلی مشورت کنید.
•	از تغییرات قوانین و محدودیت‌های مربوط به تحریم‌ها آگاه باشید.
•	از روش‌های امن و مستند برای نقل‌وانتقالات استفاده کنید."
نقل‌وانتقالات پولی بین ایران و روسیه,آیا امکان انتقال مستقیم پول از ایران به روسیه وجود دارد؟,"•	در شرایط فعلی، انتقال مستقیم پول از طریق بانک‌های ایرانی به بانک‌های روسی به دلیل تحریم‌ها و محدودیت‌های سوئیفت بسیار دشوار است.
•	روش‌های جایگزین شامل استفاده از صرافی‌های معتبر، حواله‌های شخصی، یا استفاده از شبکه‌های مالی مشترک ایران و روسیه است."
نقل‌وانتقالات پولی بین ایران و روسیه,چه روش‌هایی برای انتقال پول از ایران به روسیه وجود دارد؟,"•	صرافی‌های معتبر: صرافی‌ها معمولاً بهترین گزینه برای نقل‌وانتقال پول بین دو کشور هستند.
•	شبکه‌های مالی اختصاصی: ایران و روسیه در حال توسعه شبکه‌های مالی مشترک هستند که امکان انتقال امن و سریع پول را فراهم می‌کند.
•	ارزهای دیجیتال: در برخی موارد، استفاده از ارزهای دیجیتال می‌تواند یک راه‌حل جایگزین باشد، اما نیازمند آگاهی از قوانین محلی و بین‌المللی است."
نقل‌وانتقالات پولی بین ایران و روسیه,آیا انتقال پول از روسیه به ایران ساده‌تر است؟,"•	انتقال پول از روسیه به ایران به دلیل قوانین کمتر محدودکننده در روسیه و استفاده از صرافی‌ها و شبکه‌های حواله آسان‌تر است.
•	بسیاری از تجار روسی از خدمات مالی غیررسمی و یا از بانک‌های ثالث استفاده می‌کنند."
نقل‌وانتقالات پولی بین ایران و روسیه,چه ارزهایی برای نقل‌وانتقال پول بین ایران و روسیه مناسب هستند؟,"•	روبل روسیه: در بسیاری از معاملات تجاری دو کشور استفاده می‌شود.
•	یورو یا دلار آمریکا: با وجود تحریم‌ها، همچنان در برخی موارد توسط واسطه‌ها استفاده می‌شود.
•	ریال ایران: به ندرت در مبادلات مستقیم استفاده می‌شود و معمولاً نیاز به تبدیل به روبل یا ارزهای دیگر دارد."
نقل‌وانتقالات پولی بین ایران و روسیه,آیا می‌توان از بانک‌های روسیه برای افتتاح حساب و تسهیل نقل‌وانتقالات استفاده کرد؟,"•	بله، ایرانیان می‌توانند در برخی بانک‌های روسیه (به‌ویژه بانک‌هایی که تحریم نیستند) حساب باز کنند، مشروط بر ارائه مدارک معتبر و رعایت قوانین مالی روسیه.
•	ثبت شرکت در روسیه نیز می‌تواند به ایجاد حساب بانکی محلی کمک کند."
نقل‌وانتقالات پولی بین ایران و روسیه,آیا ارزهای دیجیتال در انتقال پول بین ایران و روسیه کاربرد دارند؟,"•	بله، ارزهای دیجیتال مانند بیت‌کوین و تتر به دلیل تحریم‌های بانکی می‌توانند جایگزین مناسبی باشند.
•	توجه داشته باشید که نوسانات قیمت و ریسک‌های قانونی ممکن است وجود داشته باشد.
•	بهتر است قبل از استفاده، قوانین روسیه در خصوص ارزهای دیجیتال بررسی شود."
نقل‌وانتقالات پولی بین ایران و روسیه,"	چگونه می‌توان هزینه‌های حواله پولی را کاهش داد؟","•	استفاده از صرافی‌های معتبر و رقابتی.
•	بررسی نرخ تبدیل ارز و انتخاب زمان مناسب برای انتقال.
•	استفاده از شبکه‌های مالی اختصاصی که هزینه‌های کمتری دارند."
نقل‌وانتقالات پولی بین ایران و روسیه,آیا امکان استفاده از سیستم‌های پرداخت بین‌المللی مانند PayPal یا وسترن یونیون وجود دارد؟,"•	PayPal و وسترن یونیون به طور مستقیم با ایران کار نمی‌کنند، اما ممکن است از طریق واسطه‌ها در روسیه قابل استفاده باشند.
•	استفاده از این روش‌ها نیازمند تحقیقات بیشتر درباره امنیت و قابلیت اعتماد واسطه است."
نقل‌وانتقالات پولی بین ایران و روسیه,"	چه مدارکی برای انتقال پول از ایران به روسیه لازم است؟","•	کارت شناسایی معتبر (پاسپورت یا کارت ملی).
•	فاکتورهای مرتبط با تجارت (در صورتی که معامله تجاری باشد).
•	اطلاعات حساب بانکی مقصد (در صورت استفاده از بانک‌های روسی)."
نقل‌وانتقالات پولی بین ایران و روسیه,آیا امکان استفاده از روش‌های جدید مانند SPFS (جایگزین سوئیفت روسیه) وجود دارد؟,"•	بله، سیستم مالی SPFS که جایگزین سوئیفت در روسیه است، در حال گسترش همکاری با بانک‌های ایرانی است.
•	این روش می‌تواند برای نقل‌وانتقالات امن و سریع‌تر بین دو کشور استفاده شود."
نقل‌وانتقالات پولی بین ایران و روسیه,آیا می‌توان از خدمات بانک‌های کشورهای ثالث برای نقل‌وانتقالات استفاده کرد؟,"•	بله، بسیاری از بازرگانان ایرانی و روس از بانک‌های کشورهای همسایه مانند ترکیه، ارمنستان یا امارات برای تسهیل نقل‌وانتقالات استفاده می‌کنند."
نقل‌وانتقالات پولی بین ایران و روسیه,"	خطرات و چالش‌های انتقال پول بین ایران و روسیه چیست؟","•	ریسک تحریم‌ها: ممکن است پول در حساب‌های بین‌المللی مسدود شود.
•	نوسانات ارزی: تغییرات سریع در نرخ ارز می‌تواند هزینه‌ها را افزایش دهد.
•	اعتماد به واسطه‌ها: انتخاب واسطه نامعتبر ممکن است منجر به از دست رفتن پول شود."
نقل‌وانتقالات پولی بین ایران و روسیه,نکات کلیدی و توصیه‌ها در ارتباط با انتقالات پولی بین ایران و روسیه,"	همیشه از صرافی‌ها و واسطه‌های معتبر و دارای مجوز استفاده کنید.
2.	پیش از هر نقل‌وانتقال، نرخ تبدیل ارز و هزینه‌های مربوطه را مقایسه کنید.
3.	قوانین و مقررات مربوط به ارزهای دیجیتال و سیستم‌های مالی در هر دو کشور را مطالعه کنید.
4.	از مشاوره حقوقی یا مالی برای معاملات بزرگ یا پیچیده استفاده کنید."
نقل‌وانتقالات پولی بین ایران و چین,آیا انتقال مستقیم پول بین بانک‌های ایران و چین امکان‌پذیر است؟,"•	به دلیل تحریم‌های بانکی، انتقال مستقیم پول از بانک‌های ایران به بانک‌های چین اغلب ممکن نیست.
•	با این حال، بانک‌هایی که تحت تحریم نیستند یا از شبکه‌های مالی جایگزین استفاده می‌کنند، ممکن است بتوانند همکاری داشته باشند."
نقل‌وانتقالات پولی بین ایران و چین,چه روش‌هایی برای انتقال پول از ایران به چین وجود دارد؟,"•	صرافی‌های معتبر: صرافی‌های تخصصی در معاملات ایران و چین گزینه اصلی برای انتقال پول هستند.
•	حواله‌های غیررسمی: بسیاری از بازرگانان از شبکه‌های حواله غیررسمی که در چین و ایران فعالیت می‌کنند استفاده می‌کنند.
•	شبکه‌های مالی جایگزین: سیستم‌های مالی جایگزین مانند CIPS (سیستم پرداخت بین‌المللی چین) برای انتقال پول بین دو کشور مفید هستند."
نقل‌وانتقالات پولی بین ایران و چین,"	آیا استفاده از ارزهای دیجیتال برای نقل‌وانتقال پول بین ایران و چین مجاز است؟","•	ارزهای دیجیتال مانند بیت‌کوین یا تتر در برخی موارد می‌توانند راه‌حل مناسبی باشند.
•	با این حال، چین محدودیت‌های سختگیرانه‌ای بر استفاده از ارزهای دیجیتال دارد. بنابراین، قبل از استفاده از این روش، قوانین محلی بررسی شود."
نقل‌وانتقالات پولی بین ایران و چین,بهترین ارز برای نقل‌وانتقال پول بین ایران و چین چیست؟,"•	یوان چین (RMB): متداول‌ترین ارز برای مبادلات با چین است.
•	دلار آمریکا یا یورو: در برخی از مبادلات توسط واسطه‌ها یا صرافی‌ها استفاده می‌شود.
•	ریال ایران: به ندرت به‌صورت مستقیم استفاده می‌شود و معمولاً ابتدا به ارز دیگری تبدیل می‌شود."
نقل‌وانتقالات پولی بین ایران و چین,آیا امکان افتتاح حساب بانکی در چین برای ایرانیان وجود دارد؟,"•	افتتاح حساب بانکی در چین برای افراد و شرکت‌های ایرانی ممکن است، اما به مدارک شناسایی معتبر و ثبت شرکت نیاز دارد.
•	بانک‌های محلی چین معمولاً حساب‌های شرکت‌های تجاری ایرانی را پذیرش می‌کنند، به ویژه در شهرهایی با روابط تجاری نزدیک به ایران."
نقل‌وانتقالات پولی بین ایران و چین,آیا سیستم‌های پرداخت بین‌المللی مانند سوئیفت برای نقل‌وانتقالات ایران و چین فعال است؟,"•	سوئیفت به دلیل تحریم‌ها معمولاً برای ایران غیرفعال است.
•	ایران و چین در حال استفاده از سیستم‌های جایگزین مانند CIPS (سیستم پرداخت بین‌المللی چین) برای انتقال پول هستند."
نقل‌وانتقالات پولی بین ایران و چین,هزینه‌های حواله پولی از ایران به چین چقدر است؟,"•	هزینه‌ها بسته به روش انتقال متفاوت است.
•	صرافی‌ها: هزینه‌های ثابت یا درصدی از مبلغ حواله را دریافت می‌کنند.
•	شبکه‌های غیررسمی: هزینه‌ها معمولاً رقابتی‌تر هستند اما ممکن است ریسک بالاتری داشته باشند."
نقل‌وانتقالات پولی بین ایران و چین,چگونه می‌توان هزینه‌های نقل‌وانتقال پول را کاهش داد؟,"•	استفاده از صرافی‌های معتبر با نرخ تبدیل رقابتی.
•	ارسال مبالغ بزرگ‌تر برای کاهش تأثیر هزینه‌های ثابت.
•	استفاده از ارز یوان چین به جای دلار یا یورو در معاملات تجاری."
نقل‌وانتقالات پولی بین ایران و چین,آیا سیستم‌های پرداخت موبایلی چینی مانند Alipay یا WeChat Pay برای ایرانیان قابل استفاده هستند؟,"•	این سیستم‌ها به صورت گسترده در چین استفاده می‌شوند، اما معمولاً به حساب بانکی چینی متصل هستند.
•	ایرانیان می‌توانند از طریق واسطه‌ها یا حساب‌های مشترک به این سیستم‌ها دسترسی پیدا کنند."
نقل‌وانتقالات پولی بین ایران و چین,آیا می‌توان از بانک‌های کشورهای ثالث برای نقل‌وانتقالات پولی استفاده کرد؟,"بله، بسیاری از تجار ایرانی از بانک‌های کشورهای ثالث مانند ترکیه، امارات یا ارمنستان برای نقل‌وانتقالات به چین استفاده می‌کنند."
نقل‌وانتقالات پولی بین ایران و چین,چه مدارکی برای انتقال پول از ایران به چین لازم است؟,"•	اطلاعات حساب بانکی مقصد (نام بانک، شماره حساب، کد سوئیفت یا CIPS
•	فاکتور تجاری یا مدارک مربوط به قرارداد (در صورت معامله تجاری).
•	مدارک شناسایی معتبر."
نقل‌وانتقالات پولی بین ایران و چین,"	خطرات و چالش‌های نقل‌وانتقالات پولی بین ایران و چین چیست؟","•	تحریم‌ها: ممکن است حساب‌های مرتبط با ایران در برخی بانک‌ها مسدود شوند.
•	نوسانات ارزی: تغییرات در نرخ ارز می‌تواند هزینه‌های مبادله را افزایش دهد.
•	اعتماد به واسطه‌ها: انتخاب واسطه نامعتبر می‌تواند منجر به از دست رفتن پول شود."
نقل‌وانتقالات پولی بین ایران و چین,آیا می‌توان از خطوط اعتباری یا توافقات خاص برای مبادلات با چین استفاده کرد؟,"•	بله، ایران و چین در حال گسترش توافقات تجاری با استفاده از خطوط اعتباری و روش‌های تهاتر کالا هستند.
•	در معاملات تجاری، تهاتر (کالا به کالا) می‌تواند جایگزین مناسبی برای پرداخت نقدی باشد."
نقل‌وانتقالات پولی بین ایران و چین,چه توصیه‌هایی برای نقل‌وانتقالات امن پول به چین وجود دارد؟,"	از صرافی‌ها و واسطه‌های معتبر با تجربه در تجارت با چین استفاده کنید.
2.	قوانین و مقررات مربوط به حواله‌های پولی در چین و ایران را رعایت کنید.
3.	از مشاوران حقوقی و مالی برای معاملات بزرگ کمک بگیرید.
4.	نرخ تبدیل ارز و هزینه‌ها را قبل از انتقال بررسی کنید."
نقل‌وانتقالات پولی بین ایران و هند,آیا امکان انتقال مستقیم پول از ایران به هند وجود دارد؟,"•	انتقال مستقیم پول از ایران به هند از طریق بانک‌های معمولی به دلیل تحریم‌های بانکی معمولاً دشوار است.
•	روش‌های جایگزین مانند صرافی‌های معتبر و سیستم‌های حواله شخصی استفاده می‌شوند."
نقل‌وانتقالات پولی بین ایران و هند,چه روش‌هایی برای انتقال پول از ایران به هند وجود دارد؟,"•	صرافی‌ها: صرافی‌های معتبر در ایران و هند می‌توانند خدمات حواله پول ارائه دهند.
•	حواله‌های غیررسمی: از طریق شبکه‌های اعتمادمحور یا واسطه‌ها انجام می‌شود.
•	ارزهای دیجیتال: گاهی به عنوان یک روش جایگزین استفاده می‌شود، اما نیاز به دقت در رعایت قوانین دارد."
نقل‌وانتقالات پولی بین ایران و هند,چه ارزهایی برای انتقال پول به هند مناسب هستند؟,"•	دلار آمریکا (USD): برای بسیاری از معاملات تجاری استفاده می‌شود.
•	روپیه هند (INR): در مواردی که مستقیم به هند منتقل می‌شود.
•	یورو: در برخی موارد به عنوان ارز واسطه استفاده می‌شود."
نقل‌وانتقالات پولی بین ایران و هند,آیا می‌توان از بانک‌های ایرانی برای انتقال پول به هند استفاده کرد؟,"•	بانک‌های ایرانی به دلیل محدودیت‌های بین‌المللی امکان ارتباط مستقیم با بانک‌های هندی را ندارند.
•	برای انتقال پول، باید از بانک‌های کشورهای ثالث یا سیستم‌های جایگزین استفاده شود."
نقل‌وانتقالات پولی بین ایران و هند,آیا ایران و هند سیستم مالی مشترک برای انتقال پول دارند؟,"•	ایران و هند از سیستم‌های مالی خاصی مانند تهاتر (کالا به کالا) یا حساب‌های روپیه در بانک‌های هندی استفاده می‌کنند.
•	این سیستم‌ها برای پرداخت‌های تجاری (مانند خرید نفت یا صادرات کالا) طراحی شده‌اند."
نقل‌وانتقالات پولی بین ایران و هند,آیا ارزهای دیجیتال برای نقل‌وانتقالات پولی بین ایران و هند قابل استفاده هستند؟,"•	ارزهای دیجیتال مانند بیت‌کوین و تتر گاهی برای انتقال پول به هند استفاده می‌شوند.
•	با این حال، هند مقررات سختگیرانه‌ای درباره ارزهای دیجیتال دارد و باید از ریسک‌های قانونی آگاه بود."
نقل‌وانتقالات پولی بین ایران و هند,آیا می‌توان از سیستم‌های پرداخت بین‌المللی مانند PayPal برای نقل‌وانتقالات بین ایران و هند استفاده کرد؟,"•	PayPal و دیگر سیستم‌های پرداخت بین‌المللی به دلیل تحریم‌ها به طور مستقیم در ایران کار نمی‌کنند.
•	استفاده از حساب‌های PayPal در کشورهای ثالث ممکن است گزینه‌ای باشد."
نقل‌وانتقالات پولی بین ایران و هند, بهترین روش برای پرداخت هزینه‌های دانشجویی در هند چیست؟,"•	حواله‌های صرافی: برای پرداخت شهریه و هزینه‌های دانشجویی بسیار رایج است.
•	استفاده از حساب‌های بانکی در کشورهای ثالث: مانند ترکیه یا امارات، که دانشجویان می‌توانند از آن‌ها برای انتقال پول به هند استفاده کنند.
•	سیستم‌های مالی هندی: مانند NEFT یا RTGS برای دانشجویانی که در هند حساب بانکی دارند."
نقل‌وانتقالات پولی بین ایران و هند,چگونه می‌توان هزینه‌های حواله پولی را کاهش داد؟,"•	انتخاب صرافی‌های معتبر با نرخ تبدیل رقابتی.
•	انتقال مبالغ بزرگ‌تر برای کاهش تأثیر هزینه‌های ثابت.
•	استفاده از روش‌هایی که به طور مستقیم روپیه هند ارسال می‌کنند."
نقل‌وانتقالات پولی بین ایران و هند,آیا امکان استفاده از سیستم‌های بانکی کشورهای ثالث برای نقل‌وانتقالات وجود دارد؟,"•	بله، بانک‌های کشورهای ثالث مانند ترکیه، ارمنستان یا امارات معمولاً به عنوان واسطه در نقل‌وانتقالات پولی بین ایران و هند استفاده می‌شوند."
نقل‌وانتقالات پولی بین ایران و هند, آیا می‌توان در بانک‌های هندی حساب بانکی افتتاح کرد؟,"•	بله، ایرانیان می‌توانند در هند حساب بانکی افتتاح کنند، به شرط داشتن مدارک قانونی مانند پاسپورت و ویزای معتبر.
•	دانشجویان و بازرگانان معمولاً در بانک‌های هندی حساب باز می‌کنند."
نقل‌وانتقالات پولی بین ایران و هند,چه مدارکی برای انتقال پول از ایران به هند لازم است؟,"•	مدارک شناسایی معتبر (کارت ملی یا پاسپورت).
•	فاکتور تجاری یا رسید پرداخت (در صورت انتقال برای معاملات تجاری).
•	اطلاعات حساب بانکی مقصد (نام بانک، شماره حساب، کد (IFSC)."
نقل‌وانتقالات پولی بین ایران و هند,چالش‌ها و ریسک‌های نقل‌وانتقالات پولی بین ایران و هند چیست؟,"•	تحریم‌ها: ممکن است برخی واسطه‌ها یا بانک‌ها انتقال پول مرتبط با ایران را محدود کنند.
•	نوسانات ارزی: تغییرات سریع نرخ ارز می‌تواند هزینه‌ها را افزایش دهد.
•	اعتماد به واسطه‌ها: انتخاب واسطه نامعتبر ممکن است منجر به از دست رفتن پول شود."
نقل‌وانتقالات پولی بین ایران و هند,آیا می‌توان از سیستم تهاتر برای تجارت با هند استفاده کرد؟,"•	بله، ایران و هند از سیستم تهاتر برای تسهیل تجارت در حوزه‌های خاص مانند صادرات نفت و واردات کالا استفاده می‌کنند.
•	این روش برای انتقال پول در معاملات غیرنقدی مناسب است."
نقل‌وانتقالات پولی بین ایران و هند, آیا سیستم‌های پرداخت هندی مانند UPI برای ایرانیان قابل استفاده است؟,"•	سیستم‌های پرداخت موبایلی هندی مانند UPI یا Paytm به حساب بانکی هندی متصل هستند و برای ایرانیانی که در هند حساب بانکی دارند، قابل استفاده است."
نقل‌وانتقالات پولی بین ایران و هند,توصیه‌های نهایی نقل و انتقالات پولی بین ایران و هند,"	انتخاب واسطه‌های معتبر: از صرافی‌ها یا بانک‌های شناخته‌شده استفاده کنید.
2.	بررسی قوانین: قوانین ایران و هند در مورد انتقال پول و مالیات را مطالعه کنید.
3.	مشورت با مشاوران مالی: برای مبالغ بزرگ یا معاملات تجاری از کارشناسان مالی کمک بگیرید.
4.	مدارک لازم: همیشه مدارک مورد نیاز را آماده داشته باشید تا از تأخیر جلوگیری شود."
نقل‌وانتقالات پولی بین ایران و ترکیه, آیا انتقال مستقیم پول بین بانک‌های ایران و ترکیه ممکن است؟,"•	بله، انتقال پول بین بانک‌های ایران و ترکیه از طریق صرافی‌ها یا بانک‌های کشورهای واسطه انجام می‌شود
•	به دلیل محدودیت‌های ناشی از تحریم‌ها، انتقال مستقیم از طریق سیستم سوئیفت ممکن نیست."
نقل‌وانتقالات پولی بین ایران و ترکیه, چه روش‌هایی برای انتقال پول از ایران به ترکیه وجود دارد؟,"•	صرافی‌ها: صرافی‌ها معتبرترین روش برای انتقال پول بین ایران و ترکیه هستند.
•	ارزهای دیجیتال: گاهی به عنوان یک روش جایگزین استفاده می‌شوند، اما نیازمند رعایت قوانین محلی هستند.
•	حواله شخصی: انتقال پول از طریق افراد یا شبکه‌های اعتمادمحور."
نقل‌وانتقالات پولی بین ایران و ترکیه,بهترین ارز برای انتقال پول به ترکیه چیست؟,"•	لیر ترکیه (TRY): در انتقال‌های مستقیم به ترکیه استفاده می‌شود.
•	دلار آمریکا (USD): در بسیاری از معاملات تجاری بین دو کشور رایج است.
•	یورو (EUR): به عنوان ارز واسطه در برخی موارد کاربرد دارد."
نقل‌وانتقالات پولی بین ایران و ترکیه, آیا امکان استفاده از کارت‌های بانکی ایرانی در ترکیه وجود دارد؟,"•	کارت‌های بانکی ایرانی به طور مستقیم در ترکیه قابل استفاده نیستند.
•	اما کارت‌های بین‌المللی صادر شده توسط بانک‌های واسطه یا حساب‌های ارزی خارجی می‌توانند راه‌حل باشند."
نقل‌وانتقالات پولی بین ایران و ترکیه, چگونه می‌توان شهریه دانشجویان ایرانی در ترکیه را پرداخت کرد؟,"•	صرافی‌ها: بهترین روش برای انتقال پول جهت پرداخت شهریه هستند.
•	حواله بانکی از کشورهای ثالث: مانند امارات یا ارمنستان.
•	انتقال نقدی: از طریق همراهان یا افرادی که سفر می‌کنند."
نقل‌وانتقالات پولی بین ایران و ترکیه, آیا ایرانیان می‌توانند در بانک‌های ترکیه حساب بانکی افتتاح کنند؟,"•	بله، ایرانیان با ارائه پاسپورت و شماره شناسایی مالیاتی ترکیه (Tax ID) می‌توانند حساب بانکی باز کنند.
•	برخی بانک‌ها ممکن است به مدارک بیشتری مانند اقامت یا گواهی درآمد نیاز داشته باشند."
نقل‌وانتقالات پولی بین ایران و ترکیه, هزینه‌های انتقال پول از ایران به ترکیه چقدر است؟,"•	هزینه‌ها بسته به روش انتقال متفاوت است:
o	صرافی‌ها: نرخ‌های رقابتی و معمولاً کم هزینه.
o	حواله بانکی: بسته به بانک واسطه، ممکن است هزینه بیشتری داشته باشد.
o	ارز دیجیتال: هزینه شبکه بلاکچین و تبدیل ارز."
نقل‌وانتقالات پولی بین ایران و ترکیه, آیا می‌توان از سیستم‌های پرداخت ترکیه مانند Western Union برای انتقال پول استفاده کرد؟,"•	وسترن یونیون: به دلیل تحریم‌ها مستقیماً از ایران قابل استفاده نیست، اما از طریق کشورهای واسطه قابل انجام است.
•	در ترکیه به طور گسترده فعال است و برای دریافت پول مناسب است."
نقل‌وانتقالات پولی بین ایران و ترکیه, آیا ارزهای دیجیتال برای انتقال پول بین ایران و ترکیه قابل استفاده هستند؟,"•	بله، ارزهای دیجیتال مانند بیت‌کوین و تتر گاهی برای انتقال پول استفاده می‌شوند.
•	این روش به دلیل غیرمتمرکز بودن سیستم، تحت تأثیر تحریم‌ها نیست.
•	با این حال، قوانین ترکیه در خصوص ارزهای دیجیتال را باید رعایت کرد."
نقل‌وانتقالات پولی بین ایران و ترکیه, چگونه می‌توان هزینه‌های نقل‌وانتقالات پولی را کاهش داد؟,"•	انتخاب صرافی‌های معتبر با نرخ‌های رقابتی.
•	انتقال مبالغ بزرگ‌تر برای کاهش تأثیر هزینه‌های ثابت.
•	استفاده از لیر ترکیه در معاملات به جای دلار یا یورو."
نقل‌وانتقالات پولی بین ایران و ترکیه, آیا می‌توان از سیستم تهاتر برای تجارت با ترکیه استفاده کرد؟,"•	بله، در تجارت‌های خاص، تهاتر کالا به کالا به عنوان روشی جایگزین برای پرداخت نقدی استفاده می‌شود.
•	این روش برای معاملات با حجم بالا مناسب است."
نقل‌وانتقالات پولی بین ایران و ترکیه, چه مدارکی برای انتقال پول از ایران به ترکیه لازم است؟,"•	مدارک شناسایی (کارت ملی یا پاسپورت).
•	(اطلاعات حساب بانکی مقصد (شماره IBAN و نام بانک
•	رسید فاکتور یا مدرک تجاری (در صورت معاملات تجاری)."
نقل‌وانتقالات پولی بین ایران و ترکیه, آیا می‌توان از سیستم‌های بانکی کشورهای ثالث برای انتقال پول به ترکیه استفاده کرد؟,"•	بله، بانک‌های کشورهایی مانند امارات، ارمنستان و قطر معمولاً برای تسهیل نقل‌وانتقالات بین ایران و ترکیه به کار گرفته می‌شوند."
نقل‌وانتقالات پولی بین ایران و ترکیه, خطرات و چالش‌های نقل‌وانتقالات پولی بین ایران و ترکیه چیست؟,"•	تحریم‌ها: ممکن است برخی انتقال‌ها به دلیل محدودیت‌های بین‌المللی مسدود شوند.
•	ریسک‌های ارزی: نوسانات نرخ ارز می‌تواند هزینه‌های انتقال را افزایش دهد.
•	اعتماد به واسطه‌ها: انتخاب واسطه نامعتبر ممکن است منجر به از دست رفتن پول شود."
نقل‌وانتقالات پولی بین ایران و ترکیه, آیا سیستم‌های پرداخت موبایلی ترکیه مانند Paycell برای ایرانیان قابل استفاده هستند؟,"•	این سیستم‌ها معمولاً به حساب بانکی ترکیه متصل هستند.
•	ایرانیانی که حساب بانکی در ترکیه دارند می‌توانند از این خدمات استفاده کنند."
نقل‌وانتقالات پولی بین ایران و ترکیه,توصیه‌های نهایی برای نقل‌وانتقالات امنبین ایران و ترکیه,"1.	انتخاب واسطه‌های معتبر: از صرافی‌ها و افراد شناخته‌شده استفاده کنید.
2.	بررسی قوانین ترکیه: در خصوص حواله‌های بین‌المللی و ارزهای دیجیتال مطلع باشید.
3.	استفاده از مشاوره مالی: برای معاملات بزرگ و تجاری از متخصصان کمک بگیرید.
4.	مقایسه نرخ‌ها: پیش از انتقال پول، نرخ‌ها و هزینه‌ها را از چند صرافی یا بانک بررسی کنید."
نقل‌وانتقالات پولی بین ایران و ارمنستان, آیا انتقال مستقیم پول بین بانک‌های ایران و ارمنستان ممکن است؟,"•	به دلیل تحریم‌ها، انتقال مستقیم از بانک‌های ایران به ارمنستان محدود است.
•	اما بانک‌ها و صرافی‌های ارمنی که با ایران همکاری می‌کنند، این فرایند را تسهیل می‌کنند."
نقل‌وانتقالات پولی بین ایران و ارمنستان, چه روش‌هایی برای انتقال پول از ایران به ارمنستان وجود دارد؟,"•	صرافی‌ها: صرافی‌های معتبر یکی از امن‌ترین و سریع‌ترین روش‌ها هستند.
•	حواله شخصی: از طریق شبکه‌های غیررسمی، اغلب توسط تجار یا افراد آشنا انجام می‌شود.
•	ارز دیجیتال: به عنوان یک روش جایگزین مورد استفاده قرار می‌گیرد."
نقل‌وانتقالات پولی بین ایران و ارمنستان, بهترین ارز برای نقل‌وانتقالات پولی بین ایران و ارمنستان چیست؟,"•	درام ارمنستان (AMD): مناسب‌ترین ارز برای انتقال مستقیم به ارمنستان است.
•	دلار آمریکا (USD): به عنوان ارز واسطه رایج استفاده می‌شود.
•	یورو (EUR): برای مبادلات خاص کاربرد دارد."
نقل‌وانتقالات پولی بین ایران و ارمنستان, آیا ایرانیان می‌توانند در بانک‌های ارمنستان حساب بانکی باز کنند؟,"•	بله، ایرانیان می‌توانند با ارائه مدارک شناسایی (پاسپورت) و برخی موارد دیگر، حساب بانکی در ارمنستان افتتاح کنند.
•	بانک‌هایی مانند Ardshinbank و Ameriabank خدمات بانکی به خارجی‌ها ارائه می‌دهند."
نقل‌وانتقالات پولی بین ایران و ارمنستان,هزینه‌های انتقال پول از ایران به ارمنستان چقدر است؟,"•	هزینه‌ها بسته به روش انتقال متفاوت است:
o	صرافی‌ها: معمولاً نرخ‌های رقابتی دارند.
o	حواله‌های رسمی بانکی: هزینه‌های بیشتری دارند، به خصوص اگر از بانک‌های واسطه استفاده شود.
o	ارز دیجیتال: شامل کارمزد شبکه بلاکچین و تبدیل ارز است."
نقل‌وانتقالات پولی بین ایران و ارمنستان, چگونه می‌توان هزینه‌های نقل‌وانتقالات پولی را کاهش داد؟,"•	انتخاب صرافی‌های معتبر با نرخ تبدیل بهتر.
•	انتقال مبالغ بزرگ‌تر برای کاهش تأثیر هزینه‌های ثابت.
•	استفاده از درام ارمنستان در معاملات مستقیم."
نقل‌وانتقالات پولی بین ایران و ارمنستان, آیا ارز دیجیتال برای انتقال پول بین ایران و ارمنستان قابل استفاده است؟,"•	بله، ارزهای دیجیتال مانند بیت‌کوین و تتر یکی از روش‌های محبوب برای نقل‌وانتقالات مالی است.
•	با این حال، افراد باید قوانین ارمنستان در خصوص ارزهای دیجیتال را رعایت کنند."
نقل‌وانتقالات پولی بین ایران و ارمنستان, آیا دانشجویان ایرانی در ارمنستان می‌توانند از حساب بانکی استفاده کنند؟,"•	بله، دانشجویان با ارائه پاسپورت، ویزای تحصیلی و مدارک ثبت‌نام دانشگاه می‌توانند حساب بانکی افتتاح کنند.
•	این حساب‌ها برای دریافت حواله‌های دانشجویی یا پرداخت هزینه‌های تحصیلی مناسب است."
نقل‌وانتقالات پولی بین ایران و ارمنستان, چگونه می‌توان شهریه دانشگاه‌ها در ارمنستان را پرداخت کرد؟,"•	صرافی‌ها: انتقال مستقیم به حساب دانشگاه.
•	حواله بانکی از کشورهای ثالث: مانند امارات یا ترکیه.
•	نقدی: در صورت سفر به ارمنستان، می‌توان پرداخت را حضوری انجام داد."
نقل‌وانتقالات پولی بین ایران و ارمنستان, . آیا امکان استفاده از کارت‌های بانکی ارمنی در ایران وجود دارد؟,"•	کارت‌های بانکی ارمنی به دلیل تحریم‌ها معمولاً در ایران قابل استفاده نیستند.
•	اما می‌توان از آن‌ها برای خریدهای آنلاین یا استفاده در کشورهای ثالث بهره برد."
نقل‌وانتقالات پولی بین ایران و ارمنستان, چه مدارکی برای انتقال پول از ایران به ارمنستان لازم است؟,"•	مدارک شناسایی معتبر (کارت ملی یا پاسپورت).
•	اطلاعات حساب بانکی مقصد (شماره حساب، نام بانک و اطلاعات تکمیلی).
•	در صورت معاملات تجاری، فاکتور یا رسید مربوطه."
نقل‌وانتقالات پولی بین ایران و ارمنستان, آیا امکان استفاده از سیستم‌های بین‌المللی مانند وسترن یونیون وجود دارد؟,"•	بله، وسترن یونیون در ارمنستان فعال است، اما به دلیل تحریم‌ها به طور مستقیم از ایران قابل دسترسی نیست.
•	می‌توان از کشورهای واسطه برای ارسال پول از طریق وسترن یونیون استفاده کرد."
نقل‌وانتقالات پولی بین ایران و ارمنستان, آیا سیستم تهاتر بین ایران و ارمنستان رایج است؟,"•	بله، در موارد تجاری بزرگ، تهاتر (کالا به کالا) به عنوان روش جایگزین برای پرداخت نقدی استفاده می‌شود.
•	این روش برای صادرات کالا به ارمنستان بسیار کاربردی است."
نقل‌وانتقالات پولی بین ایران و ارمنستان, چالش‌ها و ریسک‌های نقل‌وانتقالات پولی بین ایران و ارمنستان چیست؟,"•	تحریم‌ها: ممکن است برخی انتقال‌ها با محدودیت مواجه شوند.
•	نوسانات ارزی: تغییرات سریع در نرخ ارز می‌تواند بر هزینه‌ها تأثیر بگذارد.
•	ریسک واسطه‌ها: استفاده از واسطه‌های غیرمعتبر ممکن است منجر به از دست رفتن پول شود."
نقل‌وانتقالات پولی بین ایران و ارمنستان, آیا می‌توان از سیستم‌های پرداخت موبایلی ارمنستان استفاده کرد؟,"•	سیستم‌های پرداخت موبایلی مانند Idram  و Telcell برای کسانی که حساب بانکی در ارمنستان دارند، قابل استفاده است.
•	این خدمات به طور گسترده در ارمنستان برای پرداخت‌های روزمره استفاده می‌شوند."
نقل‌وانتقالات پولی بین ایران و ارمنستان,توصیه‌های نهایی در ارتباط با نقل و انتقالات پولی بین ایران و ارمنستان,"1.	انتخاب واسطه‌های معتبر: صرافی‌های قابل اعتماد را برای انتقال پول انتخاب کنید.
2.	بررسی قوانین: قوانین ارمنستان در خصوص حواله‌های مالی و ارزی را مطالعه کنید.
3.	مشورت با کارشناسان مالی: برای نقل‌وانتقالات بزرگ یا تجاری از مشاوران حرفه‌ای کمک بگیرید.
4.	مدارک کامل: از کامل بودن مدارک و اطلاعات حساب بانکی اطمینان حاصل کنید."
نقل‌وانتقالات پولی بین ایران و قزاقستان, آیا انتقال مستقیم پول بین بانک‌های ایران و قزاقستان ممکن است؟,"•	به دلیل تحریم‌های بین‌المللی، انتقال مستقیم از طریق سیستم‌های بانکی معمولی بین ایران و قزاقستان محدود است.
•	اغلب از بانک‌های کشورهای واسطه یا روش‌های جایگزین برای این کار استفاده می‌شود."
نقل‌وانتقالات پولی بین ایران و قزاقستان, چه روش‌هایی برای انتقال پول از ایران به قزاقستان وجود دارد؟,"•	صرافی‌ها: مطمئن‌ترین و رایج‌ترین روش انتقال پول.
•	حواله بانکی از کشورهای واسطه: از طریق بانک‌های امارات، ترکیه یا ارمنستان.
•	ارز دیجیتال: به عنوان یک روش جایگزین مورد استفاده قرار می‌گیرد."
نقل‌وانتقالات پولی بین ایران و قزاقستان, بهترین ارز برای نقل‌وانتقالات پولی بین ایران و قزاقستان چیست؟,"
•	تنگه قزاقستان (KZT): برای انتقال مستقیم به قزاقستان استفاده می‌شود.
•	دلار آمریکا (USD): برای معاملات تجاری و به عنوان ارز واسطه رایج است.
•	یورو (EUR): در برخی موارد خاص برای معاملات کاربرد دارد."
نقل‌وانتقالات پولی بین ایران و قزاقستان, آیا ایرانیان می‌توانند در بانک‌های قزاقستان حساب بانکی باز کنند؟,"
•	بله، ایرانیان می‌توانند با ارائه مدارک شناسایی (پاسپورت)، ویزای معتبر و برخی مدارک دیگر، در بانک‌های قزاقستان حساب باز کنند.
•	بانک‌هایی مانند Halyk Bank و Kaspi Bank خدمات بانکی به خارجی‌ها ارائه می‌دهند."
نقل‌وانتقالات پولی بین ایران و قزاقستان, هزینه‌های انتقال پول از ایران به قزاقستان چقدر است؟,"
•	هزینه‌ها بسته به روش انتقال متفاوت است:
o	صرافی‌ها: معمولاً نرخ‌های رقابتی ارائه می‌دهند.
o	حواله بانکی: هزینه بیشتری دارد، به‌ویژه اگر از بانک‌های واسطه استفاده شود.
o	ارز دیجیتال: هزینه شبکه بلاکچین و تبدیل ارز اعمال می‌شود."
نقل‌وانتقالات پولی بین ایران و قزاقستان, آیا ارز دیجیتال برای انتقال پول بین ایران و قزاقستان قابل استفاده است؟,"
•	بله، ارزهای دیجیتال مانند بیت‌کوین و تتر یکی از روش‌های سریع و کارآمد برای نقل‌وانتقالات پولی هستند.
•	با این حال، قوانین قزاقستان در خصوص ارزهای دیجیتال را باید رعایت کرد."
نقل‌وانتقالات پولی بین ایران و قزاقستان, چگونه می‌توان شهریه دانشگاه‌ها در قزاقستان را پرداخت کرد؟,"
•	صرافی‌ها: انتقال مستقیم به حساب دانشگاه.
•	حواله بانکی از کشورهای واسطه: برای دانشجویان رایج است.
•	پرداخت نقدی: در صورت سفر به قزاقستان، می‌توان به صورت حضوری پرداخت کرد."
نقل‌وانتقالات پولی بین ایران و قزاقستان, آیا ایرانیان می‌توانند از کارت‌های بانکی قزاقستان در ایران استفاده کنند؟,"•	کارت‌های بانکی قزاقستان به دلیل تحریم‌ها در ایران قابل استفاده نیستند.
•	اما این کارت‌ها برای خرید آنلاین یا استفاده در کشورهای دیگر مناسب هستند."
نقل‌وانتقالات پولی بین ایران و قزاقستان, چه مدارکی برای انتقال پول از ایران به قزاقستان لازم است؟,"•	مدارک شناسایی (کارت ملی یا پاسپورت).
•	اطلاعات حساب بانکی مقصد (شماره حساب، نام بانک، SWIFT Code).
•	در صورت معاملات تجاری، مدارک و فاکتورهای مربوطه."
نقل‌وانتقالات پولی بین ایران و قزاقستان, آیا سیستم‌های پرداخت بین‌المللی مانند وسترن یونیون برای نقل‌وانتقالات قابل استفاده است؟,"•	وسترن یونیون در قزاقستان فعال است، اما به دلیل تحریم‌ها، استفاده مستقیم از ایران ممکن نیست.
•	از کشورهای واسطه می‌توان برای استفاده از خدمات وسترن یونیون بهره برد."
نقل‌وانتقالات پولی بین ایران و قزاقستان, آیا می‌توان از سیستم تهاتر در تجارت با قزاقستان استفاده کرد؟,"
•	بله، در تجارت‌های بزرگ، تهاتر کالا به کالا به عنوان روشی جایگزین برای پرداخت نقدی استفاده می‌شود.
•	این روش برای تجارت‌های حوزه کشاورزی، مواد معدنی، و نفتی رایج است."
نقل‌وانتقالات پولی بین ایران و قزاقستان, آیا قزاقستان محدودیت‌هایی برای دریافت پول از ایران دارد؟,"•	قزاقستان محدودیت خاصی برای دریافت پول ندارد، اما به دلیل تحریم‌ها، برخی بانک‌ها ممکن است در دریافت پول از ایران محتاط باشند.
•	بهتر است قبل از انتقال، شرایط بانک مقصد بررسی شود."
نقل‌وانتقالات پولی بین ایران و قزاقستان, . چالش‌ها و ریسک‌های نقل‌وانتقالات پولی بین ایران و قزاقستان چیست؟,"•	تحریم‌ها: برخی از بانک‌ها و موسسات مالی به دلیل تحریم‌ها خدمات مرتبط با ایران را ارائه نمی‌دهند.
•	نوسانات ارزی: تغییرات در نرخ تنگه قزاقستان یا دلار ممکن است هزینه‌ها را تحت تأثیر قرار دهد.
•	انتخاب واسطه: استفاده از واسطه‌های نامعتبر می‌تواند منجر به از دست رفتن پول شود."
نقل‌وانتقالات پولی بین ایران و قزاقستان, آیا می‌توان از سیستم‌های پرداخت موبایلی قزاقستان استفاده کرد؟,"•	سیستم‌های پرداخت موبایلی مانندKaspi.kz یا Halyk Bank Mobile  در قزاقستان برای پرداخت‌های روزمره استفاده می‌شوند.
•	این خدمات برای ایرانیانی که در قزاقستان حساب بانکی دارند، در دسترس است."
نقل‌وانتقالات پولی بین ایران و قزاقستان, . چگونه می‌توان هزینه‌های نقل‌وانتقالات پولی را کاهش داد؟,"•	انتخاب صرافی‌های معتبر با نرخ تبدیل مناسب.
•	انتقال مبالغ بزرگ‌تر برای کاهش تأثیر هزینه‌های ثابت.
•	استفاده از تنگه قزاقستان به جای دلار یا یورو در معاملات محلی."
نقل‌وانتقالات پولی بین ایران و قزاقستان,توصیه‌های نهایی در ارتباط با انتقالات پولی بین ایران و قزاقستان,"1.	انتخاب واسطه‌های معتبر: صرافی‌ها و بانک‌های معتبر را برای انتقال پول انتخاب کنید.
2.	بررسی قوانین: قوانین قزاقستان در مورد حواله‌های مالی و ارزی را مطالعه کنید.
3.	مشورت با کارشناسان مالی: برای مبالغ بزرگ یا معاملات تجاری از مشاوران حرفه‌ای کمک بگیرید.
4.	مدارک لازم: اطمینان حاصل کنید که تمامی اطلاعات حساب مقصد و مدارک مورد نیاز کامل هستند.
"
نقل‌وانتقالات پولی بین ایران و عراق, آیا انتقال مستقیم پول بین بانک‌های ایران و عراق امکان‌پذیر است؟,"•	به دلیل تحریم‌ها، انتقال مستقیم از طریق سیستم بانکی بین ایران و عراق محدود است.
•	انتقال‌ها اغلب از طریق صرافی‌ها، بانک‌های محلی عراق یا واسطه‌ها انجام می‌شود."
نقل‌وانتقالات پولی بین ایران و عراق, چه روش‌هایی برای انتقال پول از ایران به عراق وجود دارد؟,"•	صرافی‌ها: رایج‌ترین روش برای انتقال سریع و ایمن پول.
•	انتقال نقدی: برای مبالغ کوچک و در سفرهای شخصی.
•	ارز دیجیتال: گاهی برای انتقال غیررسمی استفاده می‌شود."
نقل‌وانتقالات پولی بین ایران و عراق, بهترین ارز برای نقل‌وانتقالات پولی بین ایران و عراق چیست؟,"•	دینار عراق (IQD): در معاملات محلی عراق استفاده می‌شود.
•	دلار آمریکا (USD): به دلیل رایج بودن در مبادلات بین‌المللی و ثبات بیشتر."
نقل‌وانتقالات پولی بین ایران و عراق, آیا ایرانیان می‌توانند در بانک‌های عراق حساب بانکی باز کنند؟,"•	بله، ایرانیان می‌توانند با ارائه مدارک شناسایی (پاسپورت)، ویزا و تأییدیه‌های لازم در برخی بانک‌های عراق حساب بانکی باز کنند.
•	بانک‌هایی مانند Rafidain Bank و Trade Bank of Iraq (TBI) خدمات به خارجی‌ها ارائه می‌دهند."
نقل‌وانتقالات پولی بین ایران و عراق, هزینه‌های انتقال پول از ایران به عراق چقدر است؟,"•	هزینه‌ها بسته به روش انتقال متفاوت است:
o	صرافی‌ها: هزینه کمتر و نرخ‌های رقابتی.
o	انتقال بانکی از طریق واسطه‌ها: معمولاً هزینه بیشتری دارد.
o	ارز دیجیتال: شامل کارمزد شبکه بلاکچین است."
نقل‌وانتقالات پولی بین ایران و عراق, چگونه می‌توان هزینه‌های نقل‌وانتقالات پولی را کاهش داد؟,"•	انتخاب صرافی‌های معتبر با نرخ تبدیل مناسب.
•	انتقال مبالغ بزرگ‌تر برای کاهش تأثیر کارمزدهای ثابت.
•	استفاده از دینار عراق برای معاملات محلی."
نقل‌وانتقالات پولی بین ایران و عراق, آیا ارز دیجیتال برای انتقال پول بین ایران و عراق قابل استفاده است؟,"•	بله، ارزهای دیجیتال مانند بیت‌کوین و تتر گاهی برای نقل‌وانتقالات غیررسمی بین ایران و عراق استفاده می‌شوند.
•	قوانین محلی عراق در خصوص استفاده از ارز دیجیتال باید رعایت شود."
نقل‌وانتقالات پولی بین ایران و عراق, چگونه می‌توان هزینه‌های سفر زائران ایرانی به عراق را پرداخت کرد؟,"•	پرداخت هزینه‌ها معمولاً از طریق صرافی‌ها یا به صورت نقدی انجام می‌شود.
•	برای سفرهای زیارتی، استفاده از دینار عراق یا دلار آمریکا رایج است.
•	برخی از شرکت‌های زیارتی امکان پرداخت از طریق کارت‌های بانکی بین‌المللی را فراهم می‌کنند."
نقل‌وانتقالات پولی بین ایران و عراق, آیا زائران ایرانی می‌توانند از کارت‌های بانکی ایران در عراق استفاده کنند؟,"•	کارت‌های بانکی ایران به صورت مستقیم در عراق قابل استفاده نیستند.
•	اما کارت‌های ارزی بین‌المللی یا کارت‌هایی که از طریق صرافی‌های معتبر عراق صادر می‌شوند، برای زائران قابل استفاده است."
نقل‌وانتقالات پولی بین ایران و عراق, چه مدارکی برای انتقال پول از ایران به عراق لازم است؟,"•	مدارک شناسایی معتبر (کارت ملی یا پاسپورت).
•	اطلاعات حساب بانکی مقصد (در صورت استفاده از حواله بانکی).
•	در صورت معاملات تجاری، ارائه فاکتور یا مدارک مرتبط."
نقل‌وانتقالات پولی بین ایران و عراق, آیا امکان استفاده از سیستم‌های بین‌المللی مانند وسترن یونیون برای نقل‌وانتقالات وجود دارد؟,"•	وسترن یونیون در عراق فعال است، اما به دلیل تحریم‌ها، استفاده مستقیم از ایران امکان‌پذیر نیست.
•	می‌توان از کشورهای واسطه برای استفاده از این خدمات بهره برد."
نقل‌وانتقالات پولی بین ایران و عراق, آیا سیستم تهاتر بین ایران و عراق رایج است؟,"•	بله، تهاتر کالا به کالا یکی از روش‌های مرسوم در تجارت بین دو کشور است.
•	این روش به‌ویژه در معاملات حوزه انرژی و کالاهای کشاورزی کاربرد دارد."
نقل‌وانتقالات پولی بین ایران و عراق, چالش‌ها و ریسک‌های نقل‌وانتقالات پولی بین ایران و عراق چیست؟,"•	تحریم‌ها: ممکن است برخی انتقال‌ها با محدودیت مواجه شوند.
•	نوسانات نرخ ارز: تغییرات نرخ دینار عراق یا دلار ممکن است هزینه‌ها را افزایش دهد.
•	ریسک واسطه‌ها: استفاده از واسطه‌های غیرمعتبر ممکن است منجر به از دست رفتن پول شود."
نقل‌وانتقالات پولی بین ایران و عراق, آیا می‌توان از سیستم‌های پرداخت موبایلی در عراق استفاده کرد؟,"•	بله، سیستم‌های پرداخت موبایلی مانند Zain Cash در عراق فعال هستند و برای افراد دارای حساب بانکی در عراق قابل استفاده‌اند."
نقل‌وانتقالات پولی بین ایران و عراق, آیا تجار ایرانی می‌توانند از حساب‌های بانکی عراق برای صادرات و واردات استفاده کنند؟,"•	بله، تجار ایرانی می‌توانند از حساب‌های بانکی در عراق برای انجام معاملات تجاری استفاده کنند.
•	این حساب‌ها معمولاً برای تسهیل تهاتر یا پرداخت‌های تجاری به کار می‌روند."
نقل‌وانتقالات پولی بین ایران و عراق,توصیه‌های نهایی نقل و انتقالات پولی بین ایران و عراق,"1.	انتخاب واسطه‌های معتبر: صرافی‌ها یا واسطه‌های شناخته‌شده را برای انتقال پول انتخاب کنید.
2.	بررسی قوانین عراق: قوانین مربوط به ارز و نقل‌وانتقالات مالی را مطالعه کنید.
3.	مشورت با کارشناسان مالی: برای نقل‌وانتقالات تجاری یا مبالغ بزرگ از مشاوران حرفه‌ای کمک بگیرید.
4.	مدارک کامل: اطمینان حاصل کنید که مدارک و اطلاعات حساب مقصد کامل و دقیق باشد."
نقل‌وانتقالات پولی بین ایران و افغانستان, آیا انتقال مستقیم پول بین بانک‌های ایران و افغانستان امکان‌پذیر است؟,"•	به دلیل محدودیت‌های ناشی از تحریم‌ها، انتقال مستقیم بین بانک‌های ایران و افغانستان معمولاً امکان‌پذیر نیست.
•	انتقال پول بیشتر از طریق صرافی‌ها یا روش‌های جایگزین انجام می‌شود."
نقل‌وانتقالات پولی بین ایران و افغانستان, چه روش‌هایی برای انتقال پول از ایران به افغانستان وجود دارد؟,"•	صرافی‌ها: محبوب‌ترین روش برای انتقال سریع و امن پول.
•	انتقال نقدی: مناسب برای مبالغ کوچک در سفرهای شخصی.
•	ارز دیجیتال: در برخی موارد برای انتقال غیررسمی استفاده می‌شود."
نقل‌وانتقالات پولی بین ایران و افغانستان, بهترین ارز برای نقل‌وانتقالات پولی بین ایران و افغانستان چیست؟,"•	افغانی (AFN): برای استفاده در داخل افغانستان مناسب است.
•	دلار آمریکا (USD): به دلیل رایج بودن در افغانستان و معاملات بین‌المللی بیشتر مورد استفاده قرار می‌گیرد.
•	ریال ایران: در مناطق مرزی گاهی پذیرفته می‌شود."
نقل‌وانتقالات پولی بین ایران و افغانستان, آیا ایرانیان می‌توانند در بانک‌های افغانستان حساب بانکی باز کنند؟,"•	بله، ایرانیان با ارائه مدارک شناسایی معتبر (پاسپورت) و تأییدیه‌های لازم، می‌توانند در بانک‌های افغانستان حساب باز کنند.
•	بانک‌هایی مانند Azizi Bank و Afghanistan International Bank (AIB) به خارجی‌ها خدمات ارائه می‌دهند."
نقل‌وانتقالات پولی بین ایران و افغانستان, هزینه‌های انتقال پول از ایران به افغانستان چقدر است؟,"•	صرافی‌ها: معمولاً نرخ‌های رقابتی دارند و هزینه نسبتاً پایین است.
•	ارز دیجیتال: شامل کارمزد شبکه بلاکچین و تبدیل ارز است.
•	انتقال بانکی از طریق واسطه‌ها: در صورت استفاده از بانک‌های کشورهای ثالث ممکن است هزینه بیشتری داشته باشد."
نقل‌وانتقالات پولی بین ایران و افغانستان, چگونه می‌توان هزینه‌های نقل‌وانتقالات پولی را کاهش داد؟,"•	انتخاب صرافی‌های معتبر با نرخ تبدیل مناسب.
•	انتقال مبالغ بیشتر برای کاهش تأثیر کارمزدهای ثابت.
•	استفاده از افغانی برای معاملات محلی در افغانستان."
نقل‌وانتقالات پولی بین ایران و افغانستان, آیا ارز دیجیتال برای انتقال پول بین ایران و افغانستان قابل استفاده است؟,"•	بله، ارزهای دیجیتال مانند بیت‌کوین و تتر به‌عنوان روش جایگزین برای انتقال پول استفاده می‌شوند.
•	اما باید از صرافی‌های معتبر دیجیتال و قوانین مربوطه مطلع باشید."
نقل‌وانتقالات پولی بین ایران و افغانستان, آیا ایرانیان می‌توانند شهریه دانشگاه‌ها در افغانستان را از ایران پرداخت کنند؟,"•	صرافی‌ها: انتقال مستقیم به حساب دانشگاه.
•	حواله بانکی از کشورهای واسطه: مانند امارات یا ترکیه.
•	پرداخت نقدی: از طریق دوستان یا خانواده در افغانستان."
نقل‌وانتقالات پولی بین ایران و افغانستان, آیا مهاجران افغان در ایران می‌توانند پول به افغانستان ارسال کنند؟,"•	بله، مهاجران افغان می‌توانند از صرافی‌های معتبر در ایران برای ارسال پول به خانواده‌های خود در افغانستان استفاده کنند.
•	همچنین برخی سیستم‌های محلی حواله مانند حواله‌جات صرافی‌ها نیز فعال هستند."
نقل‌وانتقالات پولی بین ایران و افغانستان, چه مدارکی برای انتقال پول از ایران به افغانستان لازم است؟,"•	مدارک شناسایی معتبر (کارت ملی، پاسپورت).
•	اطلاعات حساب بانکی مقصد (در صورت حواله بانکی).
•	در صورت انتقال تجاری، فاکتور یا مدارک مرتبط."
نقل‌وانتقالات پولی بین ایران و افغانستان, آیا امکان استفاده از سیستم‌های بین‌المللی مانند وسترن یونیون برای نقل‌وانتقالات وجود دارد؟,"•	وسترن یونیون در افغانستان فعال است، اما به دلیل تحریم‌ها امکان استفاده مستقیم از ایران وجود ندارد.
•	می‌توان از کشورهای واسطه مانند ترکیه یا امارات برای انتقال از طریق وسترن یونیون استفاده کرد."
نقل‌وانتقالات پولی بین ایران و افغانستان, آیا سیستم تهاتر در تجارت بین ایران و افغانستان رایج است؟,"•	بله، تهاتر کالا به کالا یکی از روش‌های مرسوم در معاملات بین دو کشور است، به‌ویژه در مواردی که پرداخت نقدی دشوار باشد.
•	این روش در تجارت حوزه محصولات کشاورزی، ساختمانی و انرژی رایج است."
نقل‌وانتقالات پولی بین ایران و افغانستان, . چالش‌ها و ریسک‌های نقل‌وانتقالات پولی بین ایران و افغانستان چیست؟,"•	نوسانات نرخ ارز: تغییرات قیمت دلار و افغانی ممکن است بر هزینه‌ها تأثیر بگذارد.
•	ریسک واسطه‌ها: استفاده از واسطه‌های غیرمعتبر ممکن است منجر به از دست رفتن پول شود.
•	تحریم‌ها و محدودیت‌ها: ممکن است نقل‌وانتقالات مالی به دلیل محدودیت‌های بین‌المللی پیچیده شود."
نقل‌وانتقالات پولی بین ایران و افغانستان, آیا سیستم‌های پرداخت موبایلی در افغانستان فعال هستند؟,"•	بله، سیستم‌های پرداخت موبایلی مانند M-Paisa در افغانستان محبوب هستند و می‌توانند برای پرداخت‌های محلی استفاده شوند.
•	افرادی که حساب بانکی در افغانستان دارند می‌توانند از این خدمات استفاده کنند."
نقل‌وانتقالات پولی بین ایران و افغانستان, آیا می‌توان از حساب‌های بانکی افغانستان برای تجارت با ایران استفاده کرد؟,"•	بله، حساب‌های بانکی در افغانستان می‌توانند برای انجام معاملات تجاری بین دو کشور استفاده شوند.
•	با این حال، به دلیل محدودیت‌های بین‌المللی، تجار باید از مسیرهای قانونی و قابل اعتماد استفاده کنند."
نقل‌وانتقالات پولی بین ایران و افغانستان,توصیه‌های نهایی نقل و انتقالات پولی بین ایران و افغانستان,"1.	انتخاب صرافی‌های معتبر: حتماً از صرافی‌های دارای مجوز استفاده کنید.
2.	بررسی نرخ تبدیل: نرخ تبدیل ارز را با دقت بررسی کنید تا هزینه‌ها را به حداقل برسانید.
3.	مدارک کامل: اطلاعات مقصد و مدارک مورد نیاز را قبل از انتقال آماده کنید.
4.	مشاوره با کارشناسان مالی: برای نقل‌وانتقالات تجاری یا مبالغ بزرگ، از مشاوران متخصص کمک بگیرید.
"
حمل‌و‌نقل و لجستیک , مدارک مورد نیاز برای حمل و نقل هوایی چیست؟,"بارنامه هوایی (AWB) یک سند تجاری و غیرقابل مذاکره است. لیست بسته بندی یا Packing List ، لیستی از محتویات یک جعبه است که مجوز ترخیص کالا از گمرک را تکمیل می کند."
حمل‌و‌نقل و لجستیک ,هزینه حمل و نقل هوایی چقدر است؟,"تعداد، وزن و حجم  کالاهایی که حمل می شوند هزینه یک سرویس چارتر هوایی را تعیین می کند. اما وجود یا عدم وجود  مسیر هوایی  در مسیر ایده آل شما تاثیر بسزایی در هزینه حمل دارد. "
حمل‌و‌نقل و لجستیک ,تفاوت بین حمل و نقل هوایی و کوریرهوایی چیست؟,"اگر از خدمات کوریری استفاده می کنید، اقلام به جای بار تجاری به عنوان یک محموله پستی در نظر گرفته می شوند. این یک انتخاب عالی برای بسته های نازک و سبک است که باید به سرعت به مقصد برسند. با این حال، شرکت‌های کوریری عموما عملیات لجستیکی یکپارچه که شامل ترخیص کالا از گمرک باشد، ندارند، که ممکن است منجر به تاخیر یا هزینه‌های اضافی شود."
حمل‌و‌نقل و لجستیک ,بزرگترین مزیت حمل و نقل هوایی چیست؟,"هواپیماهای باری هوایی عموما می توانند فارغ از هرگونه موانع جغرافیایی یا زمینی، امکان حمل و نقل را فراهم کنند، همچنین ایمن ترین و سریع ترین وسیله حمل و نقل هستند."
حمل‌و‌نقل و لجستیک ,آیا هزینه های بار هوایی برای بسته بندی زیاد است؟,"در مقایسه با سایر گزینه های حمل و نقل، محموله های هوایی معمولاً به بسته بندی پیچیده تری نیاز دارند. در مقایسه، زمان سفر سریع حمل و نقل هوایی نیاز به انبارداری محلی را به حداقل می رساند و هزینه های بیمه نیز عموما کمتر است."
حمل و نقل دریایی,آیا حمل و نقل دریایی ارزان ترین گزینه است؟,"بله، می توانیم استدلال کنیم که حمل و نقل دریایی یکی از ارزان ترین گزینه های موجود برای حمل و نقل بین المللی است. در مقایسه با حمل و نقل هوایی تقریباً ده برابر مقرون به صرفه تر است و بهترین گزینه برای الزامات زنجیره تامین پایدار."
حمل و نقل دریایی,پیش نیاز حمل و نقل دریایی چیست؟,"در حالی که حمل و نقل دریایی ارزان ترین راه حل ارائه شده است، ماه ها طول می کشد تا محصول شما ارسال شود. اگر می‌خواهید از مزیت صرفه‌جویی در هزینه‌ها استفاده کنید، داشتن یک زنجیره تامین برنامه‌ریزی‌شده با تمام ملاحظات زمان سررسید ضروری است."
حمل و نقل دریایی,پارامترهای انتخاب حمل و نقل دریایی چه هستند؟,"در حمل و نقل بین المللی حمل و نقل دریایی، همه چیز انعطاف پذیر است، به خصوص در مواقع عدم اطمینان. نیازهای خود را بشناسید، مسیرها را بشناسید، نرخ ها را بدانید و خطرات احتمالی را بشناسید."
حمل و نقل دریایی,چگونه از مود حمل و نقل دریایی به بهترین شکل استفاده کنیم؟,حمل و نقل دریایی هزینه های زنجیره تامین شما را به میزان قابل توجهی کاهش می دهد. 10 برابر کاهش هزینه حمل و نقل را تصور کنید. تنها چیزی که برای استفاده از این امر لازم است این است که یک زنجیره تامین هماهنگ با فروشندگان و مشتریان خود داشته باشید. 
حمل و نقل چند وجهی,تفاوت های بین حمل و نقل چند وجهی و سایر وجوه حمل و نقل چیست؟,"در حمل و نقل چندوجهی، یک قرارداد واحد بر کل پروسه حمل حاکم است. در واقع در حمل و نقل چند وجهی، چندین قرارداد با کریرهای مختلف به طور همزمان در قالب یک قرارداد وجود دارد."
حمل و نقل چند وجهی,آیا باید کانتینرهای خاصی را در حمل و نقل چندوجهی انتخاب کنیم؟,"کانتینر خاصی برای حمل و نقل چند وجهی وجود ندارد. به طور کلی، انتخاب نوع کانتینرها بر اساس کاربرد هستند. به عنوان مثال Open-side کانتینرها برای حمل و نقل کالاهای با حجم بالا، مخازن برای مایعات و گازها و ... مناسب هستند."
حمل و نقل چند وجهی,تفاوت بارنامه در حمل و نقل چندوجهی با سایر بارنامه ها چیست؟,"در حمل و نقل چندوجهی، ما بیش از یک روش حمل و نقل داریم - به عنوان مثال ترکیب هوا و دریا که به ویژه برای مناطقی که نزدیک به بنادر نیستند مناسب است. "
حمل و نقل چند وجهی,چه کسی سند حمل و نقل چندوجهی را ارائه می دهد؟,اپراتور حمل و نقل چند وجهی ( عموما فورواردر) یا یک شخص مجاز حمل و نقل چند وجهی را ارائه می دهد. اپراتور مسئول کل حمل و نقل در حالت های مختلف خواهد بود.
حمل و نقل چند وجهی,آیا حمل و نقل چندوجهی بهترین گزینه موجود است؟,"لزوما اینطور نیست. به عنوان مثال، اگر حمل و نقل از بندری به بندر دیگر باشد، یک روش حمل و نقل یک وجهی دریایی ممکن است با توجه به سادگی کارآمدتر باشد. با این حال، حمل و نقل چندوجهی به ما کمک می کند تا چندین متغیر مانند هزینه و زمان را به طور همزمان بهینه کنیم."
BREAK BULK AND BULK CARGO,تفاوت بین محموله Bulk و Break Bulk چیست؟,"اصطلاح BULK به محموله های خشکی مانند سنگ آهن، غلات، زغال سنگ، آلومینا و فسفر اطلاق می شود که به صورت فله حمل شده و مستقیماً در انبارهای کشتی بارگیری می شوند درحالیکهBreak Bulk  به معاملاتی اطلاق می‌شود که در آن محموله‌ها به صورت تک ظرفی حمل می‌شوند، مانند پالت‌بندی شده، کیسه‌بندی شده ، تسمه‌بندی شده ، بسته‌بندی شده، درام‌بندی شده و جعبه شده، و ...."
BREAK BULK AND BULK CARGO,Break Bulk Cargo Ship چیست؟,"کشتی های Break Bulk Cargo  چند منظوره یا  General Cargo محموله های Break Bulk   را حمل می کنند و در اندازه ها و اشکال مختلفی از جمله Single Decker ، Tween Decker و Box Hold وجود دارند."
BREAK BULK AND BULK CARGO,هزینه حمل و نقل Break Bulk چگونه محاسبه می شود؟,"محموله Break Bulk محموله ای است که یکپارچه، پالت بندی شده یا تسمه بندی شده است. این محموله در امتداد بیشترین طول، عرض و ارتفاع کل محموله اندازه گیری می شود.  وزن هم طبیعتا در این محاسبه لحاظ می شود."
تجارت الکترونیک و خرده فروشی,خطرات محتمل در حمل و نقل تجارت الکترونیک چیست ؟,"هویت و ماهیت روابط با شرکای تجاری تجارت الکترونیک، یکپارچگی معاملات، پردازش الکترونیکی تراکنش‌ها، قابلیت اطمینان سیستم‌ها، مسائل مربوط به حریم خصوصی، ضمانت‌های بازگشت کالا و محصول، مسائل مالیاتی و مقرراتی."
تجارت الکترونیک و خرده فروشی,E-Logistic چیست؟," E-Logistic به عنوان مکانیزم خودکارسازی فرآیندهای لجستیک و ارائه خدمات یکپارچه، تکمیل و مدیریت زنجیره تامین به بازیگران فرآیندهای لجستیکی تعریف شده است."
تحویل برون مرزی CROSS BORDER DELIVERY ,تحویل برون مرزی چیست؟,"هنگامی که کالاها از یک کشور به کشور دیگر بدون پردازش موجودی در کشور مقصد ارسال می شوند، به این حمل و نقل بین مرزی می گویند. محصولات از گمرک و بر اساس ترتیبات تجاری موجود عبور خواهند کرد."
تحویل برون مرزی CROSS BORDER DELIVERY ,الگوهای فعلی در خریدهای تجارت الکترونیک فرامرزی چیست؟,"تجارت الکترونیک فرامرزی در چندین صنعت در حال افزایش است. لوازم آرایشی و بهداشتی و کالاهای مراقبت شخصی، محصولات لوکس، همگی در مقایسه با دیگران پررونق هستند. "
تحویل برون مرزی CROSS BORDER DELIVERY ,انباردار برون مرزی چیست؟,انبارداری فرآیند ذخیره سازی کالاهایی است که قرار است بعداً توزیع شوند. انبار به هر مکانی گفته می شود که برای انباشت کالا استفاده می شود. به نگهداشت کالا در کشور مقصد به منظور نزدیکی به بازار مصرف انبارداری برون مرزی گفته می شود که در تجارت الکترونیک بسیار معمول است.
بارحساس به دما ,ملاحظات مربوط به بار حساس به دما چه هستند ؟,"ملاحظات کلیدی که باید قبل از انتخاب فرایند حمل و نقل بار حساس به دما  بایستی بررسی شود:
•	محدوده دما و رطوبت قابل قبول
•	حاشیه خطا برای دما
•	سطوح قابل قبول ریسک
•	مناطق بالقوه خطر و نقاط تماس
•	اقدامات ممنوعه خاصی که ممکن است یکپارچگی محصول را به خطر بیندازد."
بارحساس به دما ,·فاکتورهای کلیدی برای محموله های حساس به دما چیست؟,"•	آماده سازی محصول برای حمل و نقل به محل ارسال کننده 
•	حمل و نقل به محل ارسال کننده
•	به حداقل رساندن مدت زمانی که بار حساس به دما در معرض دمای محیط قرار میگیرد
•	نحوه بارگیری فیزیکی در طول حمل و نقل 
•	در نهایت، هنگامی که محصول در محفظه بار هواپیما یا کشتی قرار می گیرد - آیا به اندازه کافی محافظت می شود؟"
بیمه بار,مدارک مورد نیاز برای پوشش بیمه حمل و نقل چیست؟,"•	نام و نشانی بیمه شده
•	اطلاعات مربوط به کالا
•	اطلاعات بسته بندی
•	نحوه حمل و نقل (راه آهن / جاده / هوا / دریا / پیک / پست)
•	مبدا و مقصد سفر
•	مبلغ بیمه شده (ارزش فاکتور)
•	مبنای ارزش گذاری (شرایط فاکتور)
•	کپی فاکتور"
بیمه بار,انواع پوشش ریسک چیست؟,"•	ICC–C: پوشش C ارائه شده توسط IRDA محدود به خطراتی است که می تواند در حین حمل و نقل در اشکال تصادف و غیره رخ دهد.
•	ICC-B: پوشش B شامل ICC-C و چند پوشش اضافی برای زلزله، فوران‌های آتشفشانی و چند مورد دیگر است.
•	ICC–A: پوشش A شامل ICC –B و ICC–C و بسیاری دیگر از خطرات / آسیب های ناشی از بارگیری و تخلیه نیز می باشد. این گسترده ترین پوشش موجود است.
"
اخذ ویزا و سفر به چین , آیا سفر به چین نیازمند اخذ روادید است؟,بله
اخذ ویزا و سفر به چین , آیا اتاق تهران تسهیلاتی برای اخذ روادید اعضا قائل است؟,"بله، متقاضیان دریافت ویزای تجاری در صورت تمایل می‌توانند از طریق هماهنگی قبلی با شماره تماس 88711291، مدارک خود را در صورت تکمیل بودن به امور بین‌الملل اتاق ارائه نمایند.
مدارک مورد نیاز عبارتند از :
	تکمیل فرم درخواست روادید در درگاه الکترونیکی سفارت چین به صورت آنلاین http://cova.cs.mfa.gov.cn 
	دعوت نامه بارکددار شرکت دعوت کننده با ذکر جزئیات دعوت کننده، دعوت شونده و علت سفر
	پروانه تاسیس یا بهره برداری شرکت چینی
	اصل گذرنامه با اعتبار حداقل شش ماه و داشتن دو صفحه سفید روبروی هم
	حضور شخص دریافت کننده روادید در محل سفارت و ثبت اثر انگشت (صرفاً جهت دریافت ویزای مولتی)
	رزرو بلیط رفت و برگشت هواپیما 
	بیمه مسافرتی ۳۰ روزه تا سقف ۱۰ هزار یورو
	2 قطعه عکس 6*4 (در 6 ماهه اخیر گرفته شده باشد)
	تمکن مالی بانکی با درج اسم صاحب حساب حداقل به مبلغ هشت هزار دلار روی سربرگ بانک با مهر برجسته یا هولوگرام. (تمکن مالی بانکی شرکت با معرفی نامه کارمند خویش برای آن سفر تجاری مورد قبول سفارت نیز می باشد.) 
	مبلغ 75 دلار برای صدور روادید و زمان مورد نیاز بطور عادی بین 7 روز لغایت 10 روز، برای اخذ روادید فوری 105 دلار و زمان مورد نیاز دو روز خواهد بود.  
•	همچنین به منظور ارتباط با بخش کنسولی سفارت می‌توانید:
خط تلفن: 09058077264 (برای چینی زبانان)، 22802772 (فارسی، انگلیسی)، ایمیل: consulate_irn@mfa.gov.cn آماده پاسخگویی و راهنمایی می باشد."
اخذ ویزا و سفر به چین ,ملاحظات اخذ ویزا و سفر به چین,"	پذیرش برای اخذ روادید: یکشنبه: ساعت 9 الی 12 دوشنبه و چهارشنبه: 9 الی 12____ 14 الی 16
	معافیت ثبت اثر انگشت برای روادیدی یک یا دو بار ورود (مدت هر اقامت حداکثر 180 روز) از 2 سپتامبر 2024 تا 31 دسامبر 2025 اجرا می شود.
	معافیت ثبت اثر انگشت برای روادیدی یک یا دو ورود با دسته های تجاری (M)، گردشگری (L)، بازدید خانوادگی (Q2)، حمل و نقل (G) و خدمه (C) تا 31 دسامبر 2024 تمدید خواهد شد.
	برای روادید کثیر السفر یا روادیدهای غیر از دسته‌های بالا، هنوز اثر انگشت لازم است.
	طبق قوانین چین هنگام ورود به چین در صورت همراه داشتن بیش از ۵۰۰۰ دلار آمریکا (یا ارز معادلش) باید اعلام کنید.
"
اخذ ویزا و سفر به چین , آیا ایرانیان در بانک های چین می توانند حساب باز کنند؟,خیر 
اخذ ویزا و سفر به چین , آیا ایرانیان در بانک های چین می توانند ارز خارجی خود را به یوان تبدیل کنند؟,خیر 
اخذ ویزا و سفر به چین , ایرانیان چگونه می توانند ارز خود را در چین به یوان تبدیل کنند؟, از طریق ATM  واقع در تعدادی از هتل های 5 ستاره . ولی نرخ تبدیل نسبت به بانک ها کمتر است. 
اخذ ویزا و سفر به چین , آیا ایرانیان می توانند در چین شرکت ثبت نمایند؟ چه مدارک و شرایطی لازم است؟,بله ایرنیان می توانند در چین شرکت ثبت نمایند. اما با یک مشکل عمده و اساسی مواجه می باشند و آن اینکه در هر بانکی نمی توانند حساب پایه شرکتی(BASIC ACCOUNT) افتتاح کنند. درحال حاضر صرفا در شعب بانک کونلون در چین باید اینکار صورت گیرد.  
مراحل تاسیس شرکت در چین,مراحل تاسیس شرکت در چین,"1.      تکمیل فرم ثبت شرکت در چین و نوع شرکت را انتخاب کنید: یک شرکت با مسئولیت محدود عادی دارای حداقل سرمایه ثبت شده 30000 یوان است و به 2 (یا بیشتر) سهامدار نیاز دارد.
1. تأیید نام شرکت: برای دریافت «فرم درخواست پیش تأیید نام شرکت (نام تجاری)» به دفتر دولتی صنعت و تجارت مراجعه می کنید، نام شرکتی را که قصد دریافت آن بعنوان شرکت خود را دارید ثبت کنید و دفتر دولتی صنعت و تجارت به صورت آنلاین پس از جستجو که نام مشابه ای نداشته باشد و از ""اعلامیه پیش تایید نام شرکت صادر خواهد شد. ( لازم به پرداخت هزینه حدود 50 یوان است. ) (.50 یوان می تواند به شما در جستجوی 5 نام کمک کند. بسیاری از نام ها تکرار می شوند، بنابراین برای جلوگیری از هدر دادن پول نیازی به امتحان نام های رایج نیست)
2. اجاره: یک دفتر کار در یک ساختمان اداری اجاره کنید، یا اگر کارخانه یا دفتر کار خود را دارید، برخی از مکان ها اجازه کار در ساختمان های مسکونی را نمی دهند. پس از اجاره، باید قرارداد اجاره را امضا کنید و از صاحبخانه بخواهید کپی سند ملک را ارائه کند.
3. اساسنامه شرکت: نمونه ای از اساسنامه را می توانید از سایت دفتر صنعت و تجارت دانلود کنید و فقط آن را اصلاح کنید. کلیه سهامداران باید اساسنامه را امضاء کرده باشند.
4. حک مُهر خصوصی: توسط مُهر فروشی مُهر شخصی (مربع شکل ) شخص حقوقی تهیه می شود. یک مُهر دیگر پس از اتمام مراحل شرکت وجود دارد که بسیار مهم است و آن را وزارت امنیت عمومی صادر می کند و تصویر مُهر به وزارت بازرگانی و دادگستری چین ارسال می گردد. 
5. «استعلام نامه بانکی»: از یک شرکت حسابداری رسمی ""نامه استعلام بانک"" را دریافت کنید.
6. نامه تاییدیه بانک برای افتتاح حساب و تأیید سرمایه سهامداران: هر سهامدار با توجه به میزان سرمایه گذاری خود وجوه مربوطه را به حساب شرکت واریز می کند و باید به بانک اعلام شود در حال افتتاح حساب تایید سرمایه هستید. بانک برای هر یک از سهامداران اوراق پرداختی صادر می کند و مهر بانک را روی نامه استعلام مهر بانک می زند.
7. رسیدگی به گزارش تأیید سرمایه: برگه پرداختی سهامدار صادر شده از بانک، استعلام نامه ممهور به مهر بانک و همچنین اساسنامه شرکت، اخطاریه تاییدیه، قرارداد اجاره و کپی گواهی ملک را بگیرید و برای درخواست به موسسه حسابداری مراجعه کنید. (برای اخذ تاییدیه لازم به پرداخت هزینه است)
8. ثبت شرکت: برای دریافت فرم های مختلف تاسیس و ثبت شرکت، از جمله فرم درخواست ثبت تاسیس، لیست سهامداران (حامیان مالی)، نظارت مدیر، فرم ثبت نماینده قانونی، فرم ثبت نماینده تعیین شده یا نمایندگی مجاز، به دفتر صنعت و تجارت مراجعه کنید. پس از تکمیل فرم آن را به همراه اخطاریه تاییدیه، اساسنامه شرکت، قرارداد اجاره، کپی سند ملکی و گزارش تایید سرمایه به اداره دولتی صنعت و بازرگانی تحویل دهید. مجوز را می توان در حدود 3 روز کاری دریافت کرد. 
9. درخواست ثبت مالیات: پس از اخذ مجوز، ظرف مدت 15 روز برای دریافت گواهی ثبت مالیات به اداره مالیات محلی اقدام کنید.
10. پایان کار ثبت شرکت و شروع کسب و کار "
